10100 0.0
10200 0.2878000000000114
10300 0.21570000000000533
10400 0.32200000000000983
10500 0.37870000000000203
10600 0.48450000000001125
10700 0.3766999999999996
10800 0.19769999999999754
10900 0.33489999999999753
11000 0.27410000000001133
11100 -0.16319999999998913
11200 -0.18319999999999226
11300 -0.1588999999999956
11400 -0.5678999999999945
11500 -0.5636999999999901
11600 -0.6663999999999959
11700 -0.6792999999999978
11800 -0.6551999999999865
11900 -0.7778999999999954
12000 -0.8527999999999949
12100 -0.7860999999999905
12200 -0.6870999999999938
12300 -0.7509999999999906
12400 -0.6133999999999986
12500 -0.7579999999999956
12600 -0.6384000000000043
12700 -0.5670999999999893
12800 -0.5260999999999996
12900 -0.3246999999999929
13000 -0.27949999999999875
13100 -0.2342000000000013
13200 0.02200000000000557
13300 -0.30589999999999407
13400 -0.08359999999999701
13500 -0.07119999999999038
13600 0.00549999999999784
13700 -0.026699999999991064
13800 0.09280000000000399
13900 0.4129999999999967
14000 0.23110000000000497
14100 0.0835000000000008
14200 0.3248999999999995
14300 0.4140000000000086
14400 0.419300000000014
14500 0.3509000000000029
14600 0.4895000000000067
14700 0.24200000000001154
14800 0.13580000000001036
14900 0.025200000000005218
15000 0.07050000000000267
15100 -0.014699999999997715
15200 0.02319999999999567
15300 0.08020000000000493
15400 0.022600000000011278
15500 0.006000000000000227
15600 -0.1811999999999898
15700 -0.13059999999998695
15800 -0.2090999999999994
15900 -0.05429999999999069
16000 -0.14929999999998955
16100 0.09920000000001039
16200 -0.0782999999999987
16300 0.11030000000000939
16400 0.09430000000000405
16500 -0.1226999999999947
16600 -0.01099999999999568
16700 -0.08429999999999893
16800 0.03160000000001162
16900 -0.22119999999998896
17000 0.09389999999999787
17100 0.22150000000001313
17200 0.1758000000000024
17300 0.299199999999999
17400 0.12930000000000774
17500 0.39400000000001256
17600 0.06230000000000757
17700 0.22650000000000858
17800 0.01190000000000424
17900 0.20929999999999893
18000 0.014100000000006219
18100 0.11359999999999815
18200 0.14999999999999858
18300 0.06269999999999953
18400 -0.015599999999992065
18500 -0.03309999999999036
18600 0.11480000000000956
18700 0.5310000000000059
18800 0.26430000000000575
18900 0.13860000000000383
19000 0.06790000000000163
19100 0.23410000000000508
19200 0.15190000000001191
19300 0.38350000000001216
19400 0.24100000000000676
19500 0.22280000000000655
19600 0.12080000000000979
19700 0.3038999999999987
19800 0.3757000000000019
19900 0.4521000000000015
20000 0.2612000000000023
20100 0.2027000000000072
20200 0.20630000000001303
20300 0.1852000000000018
20400 0.20259999999999678
20500 0.020100000000006446
20600 0.033300000000004104
20700 0.03030000000000399
20800 0.09960000000000946
20900 0.10620000000000829
21000 0.23120000000000118
21100 0.2821000000000069
21200 0.5966000000000093
21300 0.6408000000000129
21400 0.4802999999999997
21500 0.2500000000000071
21600 0.5183000000000035
21700 0.4432000000000116
21800 0.2868000000000066
21900 0.4170000000000087
22000 0.18319999999999936
22100 0.4802000000000035
22200 0.409399999999998
22300 0.38060000000000116
22400 0.3773000000000053
22500 0.3579000000000079
22600 0.44650000000000745
22700 0.3275999999999968
22800 0.4848000000000141
22900 0.24480000000001212
23000 0.3903000000000105
23100 0.5707999999999984
23200 0.7776000000000067
23300 0.7782000000000124
23400 0.8892999999999986
23500 0.6362999999999985
23600 0.5298000000000016
23700 0.5253999999999976
23800 0.6009000000000029
23900 0.5568000000000026
24000 0.5194000000000045
24100 0.4586000000000041
24200 0.48090000000001254
24300 0.7487000000000137
24400 0.7782000000000053
24500 0.768100000000004
24600 0.5637000000000114
24700 0.6042000000000058
24800 0.9454000000000065
24900 0.7904000000000053
25000 0.6354000000000113
25100 1.0472000000000108
25200 1.0261000000000067
25300 0.8375000000000057
25400 0.8412000000000006
25500 1.0116000000000014
25600 0.9628999999999976
25700 0.7143000000000086
25800 0.7663000000000011
25900 0.5445000000000064
26000 0.7494999999999976
26100 0.9234000000000009
26200 0.8884000000000043
26300 1.1008000000000067
26400 0.894999999999996
26500 0.990000000000002
26600 1.0153999999999996
26700 1.201900000000009
26800 0.8855000000000146
26900 0.9041000000000139
27000 1.292500000000004
27100 1.167500000000004
27200 1.1891000000000105
27300 1.0374000000000123
27400 1.5082000000000093
27500 1.0063000000000102
27600 1.1266999999999996
27700 1.0934000000000026
27800 1.3161000000000058
27900 1.4181000000000097
28000 1.096100000000007
28100 0.932600000000015
28200 0.8611000000000004
28300 0.8946000000000112
28400 1.0427999999999997
28500 1.2111000000000018
28600 1.1026000000000096
28700 1.4147000000000034
28800 1.254000000000012
28900 1.4085000000000036
29000 1.3841000000000037
29100 1.3008000000000024
29200 1.0973000000000042
29300 1.124900000000011
29400 1.2241
29500 1.2382000000000062
29600 1.2353999999999985
29700 1.0182000000000002
29800 1.1746000000000052
29900 1.1265999999999963
30000 1.2772000000000006
30100 1.2652000000000072
30200 1.5354000000000028
30300 1.627900000000004
30400 1.6769000000000034
30500 1.4136000000000024
30600 1.540300000000002
30700 1.4351000000000056
30800 1.716000000000001
30900 1.8581000000000074
31000 1.6489000000000118
31100 1.5540999999999983
31200 1.3997000000000028
31300 1.631600000000006
31400 1.667800000000014
31500 1.8640000000000043
31600 1.5815000000000055
31700 1.6618000000000066
31800 1.507000000000005
31900 1.8285000000000053
32000 1.6983000000000104
32100 1.8078000000000003
32200 1.642000000000003
32300 1.5694000000000088
32400 1.6270000000000024
32500 1.7216000000000022
32600 1.5541000000000054
32700 1.5338000000000065
32800 1.8874000000000137
32900 1.8601000000000099
33000 2.004800000000003
33100 1.8472000000000008
33200 2.0431000000000097
33300 2.185600000000008
33400 1.9477000000000118
33500 2.146100000000011
33600 1.9510000000000076
33700 2.2772000000000148
33800 2.2757000000000005
33900 2.2439999999999998
34000 2.6352000000000046
34100 2.544700000000006
34200 2.578400000000002
34300 2.330600000000011
34400 2.631200000000007
34500 2.420400000000015
34600 2.660100000000007
34700 2.578800000000001
34800 2.714199999999998
34900 2.8220000000000027
35000 2.6906000000000105
35100 2.6358999999999995
35200 2.688699999999997
35300 2.6233000000000004
35400 2.6740000000000066
35500 2.7372999999999976
35600 2.606499999999997
35700 2.4724000000000004
35800 2.714500000000001
35900 2.5311999999999983
36000 2.508100000000013
36100 2.6536000000000044
36200 2.475299999999997
36300 2.724900000000005
36400 2.4745000000000132
36500 2.8915000000000077
36600 2.605000000000004
36700 2.871600000000008
36800 2.8978000000000037
36900 2.786600000000007
37000 3.0597000000000065
37100 3.3208000000000126
37200 3.385700000000007
37300 3.4159000000000006
37400 3.380900000000004
37500 3.516600000000011
37600 3.5634000000000015
37700 3.8385000000000105
37800 3.9521000000000015
37900 3.862700000000004
38000 3.7742999999999967
38100 3.720399999999998
38200 3.7889000000000124
38300 3.843900000000012
38400 3.9561000000000064
38500 3.9731999999999985
38600 3.9566000000000017
38700 3.810200000000002
38800 3.927500000000002
38900 3.8008999999999986
39000 3.999200000000009
39100 4.115000000000002
39200 4.123400000000004
39300 4.003100000000003
39400 4.184500000000014
39500 4.246700000000004
39600 4.2109999999999985
39700 4.297700000000013
39800 4.161300000000011
39900 4.361700000000006
40000 4.506900000000009
40100 4.002400000000009
40200 4.309999999999995
40300 4.115000000000009
40400 4.139700000000005
40500 4.0886
40600 4.261900000000004
40700 4.174200000000013
40800 4.2956
40900 4.433800000000005
41000 4.352499999999999
41100 4.502899999999997
41200 4.4524000000000115
41300 4.549799999999998
41400 4.571100000000008
41500 4.5244
41600 4.438900000000011
41700 4.6402
41800 4.7346000000000075
41900 4.720700000000008
42000 4.7316
42100 4.737900000000003
42200 5.036500000000011
42300 4.8729000000000084
42400 5.127800000000001
42500 5.333200000000005
42600 4.805199999999999
42700 4.892899999999997
42800 5.20900000000001
42900 5.048000000000009
43000 5.10990000000001
43100 5.188900000000011
43200 5.1967
43300 5.383800000000008
43400 5.073700000000002
43500 5.099899999999998
43600 4.976000000000006
43700 5.246400000000008
43800 5.27470000000001
43900 5.202000000000005
44000 4.830100000000009
44100 5.039099999999998
44200 5.2834
44300 5.295700000000004
44400 5.236200000000011
44500 5.360600000000012
44600 5.123400000000011
44700 5.44550000000001
44800 5.373000000000005
44900 5.446700000000014
45000 5.368400000000008
45100 5.697700000000005
45200 5.696300000000008
45300 5.477399999999996
45400 5.646800000000006
45500 5.528100000000002
45600 5.499699999999997
45700 5.5438000000000045
45800 5.857400000000013
45900 5.649999999999999
46000 5.8607000000000085
46100 5.8245000000000005
46200 5.925199999999997
46300 5.936500000000009
46400 6.2485
46500 5.985800000000012
46600 6.087200000000003
46700 5.844600000000007
46800 6.053900000000006
46900 6.040700000000001
47000 6.029100000000007
47100 6.352300000000014
47200 6.410000000000004
47300 6.431600000000003
47400 6.473700000000008
47500 6.176300000000005
47600 5.962500000000006
47700 6.259
47800 6.633200000000009
47900 6.414200000000001
48000 6.397100000000002
48100 6.348400000000005
48200 6.639400000000009
48300 6.779199999999996
48400 6.5771000000000015
48500 6.6026000000000025
48600 6.602100000000007
48700 6.551299999999998
48800 6.759700000000009
48900 6.618099999999998
49000 6.708200000000005
49100 6.858699999999999
49200 6.799400000000013
49300 6.8844000000000065
49400 6.983700000000006
49500 6.992200000000004
49600 7.151500000000006
49700 7.0922000000000125
49800 7.275400000000012
49900 7.236899999999999
50000 7.010400000000004
50100 6.964400000000012
50200 7.141200000000012
50300 7.0157000000000025
50400 7.0919000000000025
50500 7.369400000000013
50600 7.315500000000007
50700 7.006599999999999
50800 7.278900000000014
50900 7.3566
51000 7.43330000000001
51100 7.607999999999997
51200 7.471499999999999
51300 7.669900000000013
51400 7.275199999999998
51500 7.3896000000000015
51600 7.538699999999999
51700 7.627400000000009
51800 7.843200000000003
51900 7.789099999999998
52000 7.868700000000011
52100 7.731700000000004
52200 7.7202000000000055
52300 7.906800000000004
52400 8.177100000000003
52500 7.9458000000000055
52600 7.926600000000008
52700 8.102000000000011
52800 7.967800000000011
52900 7.721399999999996
53000 7.779900000000005
53100 7.8095
53200 7.8977
53300 7.790900000000008
53400 7.916899999999998
53500 7.9375
53600 8.137800000000006
53700 7.708500000000001
53800 7.919700000000006
53900 7.873700000000014
54000 7.962100000000007
54100 7.965299999999999
54200 8.150200000000012
54300 8.357100000000003
54400 8.2543
54500 8.508700000000005
54600 8.140400000000007
54700 8.211300000000008
54800 8.298800000000014
54900 8.321700000000014
55000 8.479800000000004
55100 8.629700000000007
55200 8.886500000000005
55300 8.725300000000004
55400 8.473100000000002
55500 8.59510000000001
55600 8.698600000000013
55700 8.84320000000001
55800 8.671199999999999
55900 8.88260000000001
56000 8.883100000000013
56100 8.898500000000013
56200 8.7911
56300 8.9773
56400 9.211500000000015
56500 8.98940000000001
56600 9.057200000000002
56700 9.217000000000013
56800 9.32
56900 9.296900000000008
57000 9.5516
57100 9.265500000000003
57200 9.434899999999999
57300 9.14090000000001
57400 9.5291
57500 9.93780000000001
57600 9.760199999999998
57700 9.981499999999997
57800 9.874299999999998
57900 10.066500000000005
58000 10.019800000000004
58100 10.185700000000004
58200 10.142000000000003
58300 10.126500000000014
58400 10.440100000000001
58500 10.310500000000005
58600 10.326000000000008
58700 10.42070000000001
58800 10.340600000000002
58900 10.368100000000005
59000 10.370000000000005
59100 10.8992
59200 10.545000000000009
59300 10.628300000000003
59400 10.2564
59500 10.615900000000003
59600 10.624900000000004
59700 10.819800000000008
59800 10.657300000000006
59900 10.669200000000004
60000 10.600000000000009
60100 10.709600000000002
60200 10.777100000000004
60300 10.876200000000004
60400 10.68010000000001
60500 10.788899999999998
60600 11.126400000000011
60700 11.197500000000005
60800 11.241900000000008
60900 11.438600000000001
61000 11.437700000000007
61100 11.845200000000006
61200 11.430900000000001
61300 11.537800000000011
61400 11.582600000000006
61500 11.848900000000008
61600 11.91040000000001
61700 12.111900000000006
61800 12.167699999999996
61900 11.857300000000002
62000 12.318600000000004
62100 12.36610000000001
62200 12.3675
62300 12.659500000000008
62400 12.669100000000007
62500 12.489100000000008
62600 12.746800000000007
62700 12.750000000000007
62800 12.915400000000005
62900 12.874600000000001
63000 12.813500000000005
63100 13.033200000000008
63200 12.9281
63300 13.052600000000005
63400 12.932700000000011
63500 13.15850000000001
63600 12.973700000000015
63700 13.112099999999998
63800 13.048100000000005
63900 13.094300000000011
64000 13.058700000000009
64100 13.108000000000004
64200 13.647900000000014
64300 13.457000000000015
64400 13.616200000000006
64500 13.782600000000002
64600 14.032600000000002
64700 14.015600000000006
64800 14.255099999999999
64900 14.190100000000008
65000 14.161000000000008
65100 14.365300000000005
65200 14.691000000000003
65300 14.335799999999999
65400 14.599200000000003
65500 14.650199999999998
65600 15.233300000000014
65700 14.952100000000009
65800 15.1477
65900 15.450900000000011
66000 15.650300000000009
66100 15.73830000000001
66200 15.842400000000005
66300 16.262400000000007
66400 16.088700000000003
66500 16.344200000000008
66600 16.653500000000015
66700 17.1083
66800 17.326400000000007
66900 17.223200000000013
67000 17.386200000000002
67100 17.912599999999998
67200 18.52660000000001
67300 18.673300000000005
67400 19.365899999999996
67500 19.63190000000001
67600 19.841000000000008
67700 19.961600000000004
67800 20.43090000000001
67900 20.559900000000006
68000 20.81920000000001
68100 21.368300000000012
68200 21.395700000000005
68300 21.641200000000005
68400 21.677100000000003
68500 22.073400000000007
68600 21.987800000000007
68700 22.06600000000001
68800 22.274700000000003
68900 22.46650000000001
69000 22.7209
69100 22.510700000000014
69200 22.560800000000015
69300 22.30100000000001
69400 22.341500000000003
69500 22.6535
69600 22.50560000000001
69700 22.5488
69800 22.454
69900 22.523700000000005
70000 22.7104
70100 22.5415
70200 22.810600000000008
70300 22.6984
70400 22.5768
70500 22.773300000000006
70600 22.484099999999998
70700 22.2068
70800 22.128299999999996
70900 22.228499999999997
71000 22.180600000000005
71100 22.25910000000001
71200 22.225099999999998
71300 22.002800000000008
71400 22.152100000000004
71500 22.016700000000007
71600 21.728800000000014
71700 21.57860000000001
71800 21.24300000000001
71900 21.29670000000001
72000 21.23550000000001
72100 21.020900000000005
72200 21.024300000000004
72300 21.0475
72400 21.2267
72500 21.7153
72600 21.679500000000004
72700 21.53000000000001
72800 21.3955
72900 21.64260000000001
73000 21.60730000000001
73100 21.28800000000001
73200 21.27190000000001
73300 21.374000000000002
73400 21.339000000000006
73500 21.8266
73600 21.91530000000001
73700 21.7066
73800 21.546900000000008
73900 21.599000000000004
74000 21.524000000000008
74100 21.8795
74200 22.07440000000001
74300 21.881300000000003
74400 21.909999999999997
74500 21.909100000000002
74600 22.171599999999998
74700 22.487900000000003
74800 22.42150000000001
74900 22.185300000000012
75000 22.560100000000013
75100 22.61740000000001
75200 22.47650000000001
75300 22.714700000000008
75400 22.7241
75500 22.841500000000003
75600 23.072900000000004
75700 22.8536
75800 22.74350000000001
75900 22.76590000000001
76000 22.981700000000004
76100 23.053200000000004
76200 22.7539
76300 23.042800000000007
76400 23.3795
76500 22.904900000000005
76600 23.513900000000007
76700 22.912900000000008
76800 23.0854
76900 23.1372
77000 23.34640000000001
77100 22.920699999999997
77200 23.2181
77300 23.2699
77400 22.917600000000007
77500 22.9414
77600 23.09850000000001
77700 22.669700000000006
77800 22.895300000000013
77900 22.820499999999996
78000 22.815400000000004
78100 22.809000000000005
78200 22.467900000000007
78300 22.574400000000004
78400 22.69310000000001
78500 22.670400000000008
78600 22.917
78700 22.803599999999996
78800 22.835100000000004
78900 22.78150000000001
79000 22.4321
79100 22.529199999999996
79200 22.690800000000003
79300 22.330200000000005
79400 22.597600000000007
79500 22.4003
79600 22.5925
79700 22.58510000000001
79800 22.912800000000004
79900 22.693400000000004
80000 22.731700000000004
80100 22.385900000000007
80200 22.42430000000001
80300 22.718500000000006
80400 23.164899999999996
80500 22.839400000000012
80600 22.4444
80700 22.436100000000003
80800 22.782100000000007
80900 23.0661
81000 22.976000000000013
81100 23.431600000000003
81200 23.16040000000001
81300 23.34210000000001
81400 23.14800000000001
81500 23.5362
81600 23.453700000000005
81700 23.474200000000003
81800 23.688300000000012
81900 23.836700000000015
82000 23.810600000000015
82100 23.868299999999998
82200 24.153200000000005
82300 24.20900000000001
82400 24.595399999999998
82500 24.151700000000005
82600 24.157199999999996
82700 24.439400000000006
82800 24.650800000000004
82900 24.624600000000008
83000 24.319500000000005
83100 24.53500000000001
83200 24.628700000000002
83300 24.939100000000003
83400 24.73430000000001
83500 24.713600000000014
83600 24.704500000000003
83700 24.611100000000008
83800 24.654600000000002
83900 24.7768
84000 25.111400000000003
84100 24.730200000000004
84200 24.912200000000006
84300 25.165800000000004
84400 25.018100000000004
84500 25.171099999999996
84600 25.166000000000004
84700 25.185100000000006
84800 25.399900000000002
84900 25.435900000000004
85000 25.281200000000005
85100 25.3696
85200 25.219700000000003
85300 25.40530000000001
85400 25.146800000000006
85500 25.17540000000001
85600 24.945800000000006
85700 25.046799999999998
85800 24.835
85900 24.9606
86000 24.93090000000001
86100 24.947100000000013
86200 24.901500000000013
86300 24.585400000000007
86400 24.9848
86500 25.1785
86600 25.008300000000013
86700 24.889300000000013
86800 25.0032
86900 25.183500000000002
87000 25.208400000000005
87100 25.327000000000005
87200 25.364599999999996
87300 25.01610000000001
87400 25.147700000000007
87500 25.32050000000001
87600 25.264000000000003
87700 25.272000000000006
87800 25.009200000000007
87900 25.342100000000002
88000 25.657900000000005
88100 25.7515
88200 25.72310000000001
88300 25.867800000000003
88400 25.603100000000005
88500 26.188900000000004
88600 26.01340000000001
88700 26.0773
88800 26.08930000000001
88900 26.210100000000004
89000 26.0015
89100 26.186300000000003
89200 26.266500000000008
89300 26.2072
89400 25.961800000000004
89500 25.929299999999998
89600 26.142700000000005
89700 26.43950000000001
89800 26.34900000000001
89900 26.27860000000001
90000 26.444300000000005
90100 26.4077
90200 26.172000000000004
90300 26.646
90400 26.31810000000001
90500 26.66550000000001
90600 26.46460000000001
90700 26.5796
90800 26.667
90900 26.699900000000007
91000 26.859099999999998
91100 27.1791
91200 27.041400000000003
91300 27.1186
91400 26.9054
91500 27.0315
91600 26.9
91700 26.8686
91800 27.065200000000004
91900 26.743900000000004
92000 27.18800000000001
92100 27.319100000000006
92200 27.30920000000001
92300 27.2121
92400 26.976600000000005
92500 27.111100000000008
92600 27.44740000000001
92700 27.4253
92800 27.182899999999997
92900 27.396800000000013
93000 27.5516
93100 27.77280000000001
93200 27.569100000000006
93300 27.65550000000001
93400 27.518800000000006
93500 27.676500000000004
93600 27.823800000000013
93700 27.822500000000012
93800 27.465900000000012
93900 27.689
94000 27.697100000000006
94100 27.86270000000001
94200 27.62270000000001
94300 27.821900000000007
94400 27.44790000000001
94500 27.8555
94600 28.1282
94700 28.148700000000005
94800 28.2391
94900 28.043400000000013
95000 28.18400000000001
95100 28.059100000000008
95200 28.26570000000001
95300 28.476700000000008
95400 28.22460000000001
95500 28.173100000000005
95600 28.659000000000013
95700 28.5315
95800 28.260400000000004
95900 28.16000000000001
96000 28.645700000000005
96100 28.625100000000003
96200 28.795700000000004
96300 28.46840000000001
96400 28.894400000000005
96500 28.6182
96600 28.484500000000004
96700 28.440500000000007
96800 28.13600000000001
96900 28.334300000000013
97000 28.67050000000001
97100 27.987299999999998
97200 28.461500000000008
97300 28.5253
97400 28.698700000000002
97500 28.43670000000001
97600 28.808200000000006
97700 28.753400000000006
97800 28.658700000000003
97900 28.44640000000001
98000 28.605900000000005
98100 28.70410000000001
98200 28.7675
98300 28.90720000000001
98400 28.64690000000001
98500 28.67450000000001
98600 28.790100000000002
98700 29.0546
98800 29.03050000000001
98900 28.793300000000002
99000 29.067800000000005
99100 28.8953
99200 29.021100000000004
99300 28.999200000000002
99400 29.0426
99500 29.243300000000012
99600 29.383900000000004
99700 29.375400000000013
99800 29.644399999999997
99900 29.459700000000005
100000 29.3204
100100 29.394700000000007
100200 29.433900000000015
100300 29.15330000000001
100400 29.78520000000001
100500 29.646800000000006
100600 29.73810000000001
100700 29.765600000000006
100800 29.82140000000001
100900 29.7768
101000 29.877699999999997
101100 29.99650000000001
101200 29.5261
101300 29.573100000000004
101400 29.903
101500 30.0103
101600 29.483100000000007
101700 29.362700000000004
101800 29.7485
101900 29.73530000000001
102000 29.776400000000002
102100 29.841500000000003
102200 29.646
102300 29.836399999999998
102400 30.120700000000006
102500 29.6068
102600 29.83080000000001
102700 29.986500000000007
102800 29.966800000000006
102900 30.01940000000001
103000 29.76910000000001
103100 29.907700000000013
103200 29.749900000000004
103300 30.212700000000012
103400 29.94020000000001
103500 30.177100000000003
103600 30.259
103700 30.167499999999997
103800 30.157100000000007
103900 30.452900000000014
104000 30.564200000000007
104100 30.198900000000002
104200 30.3774
104300 30.06410000000001
104400 30.522599999999997
104500 30.706500000000005
104600 30.423000000000002
104700 30.929000000000002
104800 30.729600000000005
104900 30.453400000000002
105000 30.762999999999998
105100 30.86200000000001
105200 30.85090000000001
105300 30.891800000000003
105400 30.686200000000014
105500 30.873700000000007
105600 31.25090000000001
105700 31.18690000000001
105800 31.3183
105900 31.427300000000002
106000 30.914600000000014
106100 31.370900000000013
106200 31.352600000000002
106300 31.554400000000008
106400 31.67220000000001
106500 31.294400000000003
106600 31.1708
106700 31.52130000000001
106800 31.5272
106900 31.43990000000001
107000 31.582500000000003
107100 31.319499999999998
107200 31.21540000000001
107300 31.816200000000002
107400 31.569700000000005
107500 31.759500000000003
107600 31.532100000000007
107700 31.8099
107800 31.458700000000007
107900 32.373599999999996
108000 31.98530000000001
108100 31.7928
108200 31.6901
108300 31.799800000000005
108400 31.8504
108500 31.680999999999997
108600 32.1427
108700 31.861700000000006
108800 31.80750000000001
108900 31.987900000000003
109000 31.893600000000006
109100 32.25760000000001
109200 32.34260000000001
109300 32.144600000000004
109400 32.038300000000014
109500 31.9304
109600 32.344800000000006
109700 32.083800000000004
109800 32.256099999999996
109900 32.07930000000001
110000 32.043400000000005
110100 32.0176
110200 32.3194
110300 32.23140000000001
110400 32.21020000000001
110500 32.29670000000001
110600 32.641
110700 32.6085
110800 32.17130000000001
110900 32.6805
111000 32.42750000000001
111100 32.9836
111200 32.809000000000005
111300 32.91210000000001
111400 32.937900000000006
111500 32.7931
111600 32.7667
111700 32.78250000000001
111800 33.13770000000001
111900 32.92880000000001
112000 32.8571
112100 32.81850000000001
112200 32.745200000000004
112300 32.796
112400 33.15860000000001
112500 33.0196
112600 32.75950000000001
112700 32.73390000000001
112800 32.9078
112900 33.126700000000014
113000 33.1407
113100 33.090100000000014
113200 32.687
113300 32.81610000000001
113400 33.358
113500 33.33380000000001
113600 33.502300000000005
113700 33.4603
113800 33.51040000000001
113900 33.531400000000005
114000 33.82210000000001
114100 33.3849
114200 33.662400000000005
114300 33.719200000000015
114400 33.75430000000001
114500 33.726400000000005
114600 33.96040000000001
114700 33.8742
114800 33.58660000000001
114900 33.8114
115000 33.8648
115100 34.002500000000005
115200 33.9488
115300 33.8636
115400 33.79070000000001
115500 34.2576
115600 34.35970000000001
115700 34.24790000000001
115800 34.03640000000001
115900 34.03300000000001
116000 34.1886
116100 34.08300000000001
116200 34.187000000000005
116300 34.2661
116400 34.06750000000001
116500 34.08930000000001
116600 33.9346
116700 34.395700000000005
116800 33.955200000000005
116900 34.471500000000006
117000 34.5929
117100 34.61540000000001
117200 34.5353
117300 34.50680000000001
117400 34.523700000000005
117500 34.6165
117600 34.5709
117700 34.51780000000001
117800 34.63660000000001
117900 34.93880000000001
118000 34.759600000000006
118100 34.33910000000001
118200 34.5214
118300 34.74840000000001
118400 34.65140000000001
118500 34.92340000000001
118600 34.893
118700 34.60850000000001
118800 34.86820000000001
118900 34.76900000000001
119000 34.6236
119100 34.71440000000001
119200 34.7561
119300 34.85580000000001
119400 34.692600000000006
119500 35.043400000000005
119600 35.06270000000001
119700 35.2402
119800 35.01530000000001
119900 35.03450000000001
120000 35.26180000000001
120100 35.14880000000001
120200 35.03830000000001
120300 35.413500000000006
120400 35.264500000000005
120500 35.2293
120600 34.90820000000001
120700 34.9873
120800 35.1025
120900 35.47630000000001
121000 35.36350000000001
121100 35.34030000000001
121200 35.19100000000001
121300 35.2259
121400 35.632600000000004
121500 35.51650000000001
121600 35.46480000000001
121700 35.516
121800 35.3387
121900 35.30380000000001
122000 35.78370000000001
122100 35.6348
122200 35.587300000000006
122300 35.930400000000006
122400 36.327200000000005
122500 36.3574
122600 35.91180000000001
122700 35.8887
122800 36.211200000000005
122900 36.217600000000004
123000 36.307600000000015
123100 36.327900000000014
123200 36.2507
123300 36.7055
123400 36.53180000000001
123500 36.7769
123600 36.8586
123700 36.90160000000001
123800 36.7475
123900 36.3214
124000 36.85690000000001
124100 36.71240000000001
124200 36.579
124300 36.532
124400 36.842200000000005
124500 36.6084
124600 36.493900000000004
124700 36.576400000000014
124800 36.54430000000001
124900 36.5915
125000 37.10020000000001
125100 36.9456
125200 37.0377
125300 36.995200000000004
125400 36.629700000000014
125500 36.8208
125600 37.1511
125700 37.0815
125800 36.9528
125900 36.722
126000 37.19180000000001
126100 36.839600000000004
126200 36.91370000000001
126300 36.95130000000001
126400 37.162000000000006
126500 37.388000000000005
126600 37.578399999999995
126700 37.413500000000006
126800 37.495700000000014
126900 37.60260000000001
127000 37.4187
127100 37.26520000000001
127200 36.9196
127300 37.59470000000001
127400 37.1676
127500 37.593300000000006
127600 37.48770000000001
127700 37.65650000000001
127800 37.52030000000001
127900 37.650600000000004
128000 37.93900000000001
128100 37.53400000000001
128200 37.728800000000014
128300 37.709700000000005
128400 37.8598
128500 38.026700000000005
128600 38.0771
128700 38.173300000000005
128800 38.490300000000005
128900 38.1072
129000 38.32480000000001
129100 38.201699999999995
129200 38.0362
129300 38.2518
129400 38.17080000000001
129500 38.0611
129600 38.40110000000001
129700 38.239900000000006
129800 38.47050000000001
129900 38.2871
130000 38.6655
130100 38.05450000000001
130200 38.32990000000001
130300 38.01810000000001
130400 38.255900000000004
130500 37.89480000000001
130600 38.4997
130700 38.681700000000006
130800 38.6749
130900 38.24340000000001
131000 38.7421
131100 38.53750000000001
131200 38.95000000000001
131300 38.68710000000001
131400 38.557700000000004
131500 38.5296
131600 38.8175
131700 38.43710000000001
131800 38.56450000000001
131900 38.441900000000004
132000 38.57130000000001
132100 38.6485
132200 39.116600000000005
132300 38.8975
132400 38.9655
132500 39.084199999999996
132600 38.9969
132700 38.63940000000001
132800 39.254000000000005
132900 39.2291
133000 39.16890000000001
133100 39.095800000000004
133200 39.5647
133300 39.39280000000001
133400 39.305400000000006
133500 39.166900000000005
133600 39.46920000000001
133700 39.389
133800 39.673100000000005
133900 39.485400000000006
134000 39.61530000000001
134100 39.386
134200 39.67500000000001
134300 39.6926
134400 39.5397
134500 39.5175
134600 39.394000000000005
134700 39.1787
134800 39.35620000000001
134900 39.54800000000001
135000 39.55800000000001
135100 39.56920000000001
135200 39.39860000000001
135300 39.334300000000006
135400 39.742200000000004
135500 39.4838
135600 39.83400000000001
135700 39.38940000000001
135800 39.7473
135900 39.88810000000001
136000 39.5509
136100 39.52090000000001
136200 39.95550000000001
136300 39.730199999999996
136400 39.716100000000004
136500 39.98270000000001
136600 40.09330000000001
136700 39.66530000000001
136800 40.0386
136900 39.73070000000001
137000 40.27430000000001
137100 39.829100000000004
137200 40.17000000000001
137300 40.28730000000001
137400 40.518
137500 40.3756
137600 40.3927
137700 40.5249
137800 40.53370000000001
137900 40.60040000000001
138000 40.793600000000005
138100 40.6349
138200 40.85730000000001
138300 40.7328
138400 40.7567
138500 41.27810000000001
138600 40.89150000000001
138700 40.916700000000006
138800 41.2533
138900 41.37450000000001
139000 41.25940000000001
139100 41.09630000000001
139200 41.188100000000006
139300 41.33960000000001
139400 41.47130000000001
139500 41.5444
139600 41.741200000000006
139700 41.60790000000001
139800 41.72550000000001
139900 41.41440000000001
140000 41.641000000000005
140100 41.92130000000001
140200 42.2137
140300 41.8275
140400 41.6321
140500 41.7168
140600 41.9582
140700 41.87340000000001
140800 41.74860000000001
140900 41.5394
141000 41.676800000000014
141100 41.8243
141200 41.95450000000001
141300 41.579299999999996
141400 41.733200000000004
141500 41.84980000000001
141600 41.631400000000006
141700 41.721700000000006
141800 41.64420000000001
141900 41.94330000000001
142000 42.03750000000001
142100 42.08070000000001
142200 42.1345
142300 42.09590000000001
142400 42.23500000000001
142500 41.928700000000006
142600 42.2289
142700 42.19470000000001
142800 42.3658
142900 42.4997
143000 42.4334
143100 42.331700000000005
143200 42.7281
143300 42.8283
143400 42.93430000000001
143500 42.78280000000001
143600 43.144800000000004
143700 42.515100000000004
143800 43.355500000000006
143900 43.152200000000015
144000 43.199400000000004
144100 42.85190000000001
144200 42.793200000000006
144300 42.9654
144400 43.059799999999996
144500 43.0446
144600 42.984500000000004
144700 42.802800000000005
144800 42.90680000000001
144900 43.15510000000001
145000 43.17510000000001
145100 43.403400000000005
145200 43.09780000000001
145300 43.602
145400 43.3213
145500 43.1693
145600 43.39310000000001
145700 43.39640000000001
145800 43.560600000000015
145900 43.6398
146000 43.6486
146100 43.54070000000001
146200 43.48340000000001
146300 43.3076
146400 43.6096
146500 43.359700000000004
146600 43.2809
146700 42.9658
146800 43.22710000000001
146900 43.0536
147000 43.3966
147100 42.979800000000004
147200 43.304300000000005
147300 43.0489
147400 43.4421
147500 43.14790000000001
147600 43.05180000000001
147700 43.0023
147800 43.1756
147900 43.19510000000001
148000 43.2004
148100 43.2201
148200 43.1867
148300 42.90770000000001
148400 43.246100000000006
148500 43.386100000000006
148600 43.55390000000001
148700 43.80970000000001
148800 43.795
148900 43.88010000000001
149000 44.0328
149100 43.6208
149200 43.66640000000001
149300 44.0516
149400 43.98960000000001
149500 44.096599999999995
149600 44.1284
149700 44.511300000000006
149800 44.0282
149900 44.28320000000001
150000 43.97310000000001
150100 44.02190000000001
150200 44.44780000000001
150300 44.108200000000004
150400 44.150200000000005
150500 44.00620000000001
150600 44.402699999999996
150700 44.3147
150800 44.6167
150900 44.481500000000004
151000 44.29280000000001
151100 44.96410000000001
151200 44.7697
151300 45.026900000000005
151400 44.764800000000015
151500 44.922900000000006
151600 45.005700000000004
151700 45.1216
151800 44.756600000000006
151900 45.230399999999996
152000 44.970800000000004
152100 44.92210000000001
152200 44.71060000000001
152300 45.224300000000014
152400 45.199
152500 45.07030000000001
152600 45.098600000000005
152700 45.30120000000001
152800 45.47270000000001
152900 45.4151
153000 45.1998
153100 45.449400000000004
153200 45.42010000000001
153300 45.3539
153400 45.261900000000004
153500 45.371600000000015
153600 45.5103
153700 45.046099999999996
153800 45.455600000000004
153900 45.45850000000001
154000 45.4448
154100 45.44770000000001
154200 45.5809
154300 45.80520000000001
154400 45.77310000000001
154500 45.2779
154600 45.340900000000005
154700 45.763600000000004
154800 45.53670000000001
154900 46.031800000000004
155000 45.894200000000005
155100 46.392500000000005
155200 46.1543
155300 46.14700000000001
155400 45.90070000000001
155500 46.11610000000001
155600 46.1007
155700 46.292500000000004
155800 46.1974
155900 46.37370000000001
156000 46.1836
156100 46.4139
156200 46.389700000000005
156300 46.1839
156400 46.09750000000001
156500 46.291900000000005
156600 46.01590000000001
156700 46.29640000000001
156800 46.14670000000001
156900 46.3466
157000 46.034800000000004
157100 46.32790000000001
157200 46.403200000000005
157300 46.4686
157400 46.26090000000001
157500 46.0482
157600 46.22170000000001
157700 46.18090000000001
157800 46.16940000000001
157900 45.894000000000005
158000 46.339600000000004
158100 46.55360000000001
158200 46.5424
158300 46.507999999999996
158400 46.583200000000005
158500 46.60640000000001
158600 46.72960000000001
158700 46.56400000000001
158800 46.3467
158900 46.70230000000001
159000 46.557100000000005
159100 46.33650000000001
159200 46.6345
159300 46.747400000000006
159400 47.009499999999996
159500 47.2546
159600 47.148100000000014
159700 46.8605
159800 46.9836
159900 47.17200000000001
160000 47.284400000000005
160100 47.20020000000001
