10100 0.0
10200 0.09259999999999735
10300 -0.08630000000000138
10400 0.16960000000000974
10500 -0.031899999999993156
10600 0.1804000000000059
10700 0.05559999999999832
10800 0.3008000000000024
10900 0.06479999999999819
11000 0.03470000000000084
11100 -0.05090000000000572
11200 -0.016899999999999693
11300 0.019100000000008777
11400 0.19610000000000127
11500 0.04040000000000532
11600 0.2809000000000097
11700 0.0321000000000069
11800 0.08620000000000516
11900 0.1904000000000039
12000 0.2033000000000058
12100 0.011700000000004707
12200 0.17830000000000723
12300 0.0210000000000079
12400 0.16850000000000875
12500 0.18470000000000653
12600 0.1770000000000067
12700 0.04739999999999611
12800 0.1484000000000023
12900 0.23049999999999926
13000 -0.12609999999999388
13100 0.10930000000001172
13200 -0.10560000000000258
13300 0.006199999999999761
13400 0.20220000000001193
13500 0.1319999999999979
13600 -0.06419999999999959
13700 0.17830000000000013
13800 0.04190000000001248
13900 0.1857999999999933
14000 0.28660000000000707
14100 0.030799999999999272
14200 0.2576000000000036
14300 0.22799999999999443
14400 0.2074000000000069
14500 0.056800000000002626
14600 0.2598000000000056
14700 0.03710000000000235
14800 0.17479999999999762
14900 0.1272999999999982
15000 0.2867999999999995
15100 0.3044000000000011
15200 0.38109999999999644
15300 0.21940000000000737
15400 0.33330000000000837
15500 0.28779999999999717
15600 0.28410000000000224
15700 0.5409999999999968
15800 0.1682000000000059
15900 0.5185999999999993
16000 0.3305000000000078
16100 0.2950000000000017
16200 0.24049999999999727
16300 0.23410000000000508
16400 0.3083000000000027
16500 0.5023000000000053
16600 0.2785000000000011
16700 0.6296999999999997
16800 0.4691000000000045
16900 0.49560000000000315
17000 0.45990000000000464
17100 0.5628000000000029
17200 0.6134000000000057
17300 0.5938000000000017
17400 0.7033000000000058
17500 0.733700000000006
17600 0.6231000000000009
17700 0.6981999999999999
17800 0.6252000000000066
17900 0.559899999999999
18000 0.4830999999999932
18100 0.7128999999999976
18200 0.7043000000000035
18300 0.6998999999999995
18400 0.4877000000000038
18500 0.5523999999999987
18600 0.6007999999999996
18700 0.6064000000000007
18800 0.8205999999999989
18900 0.8488000000000113
19000 0.6898000000000053
19100 0.48159999999999314
19200 0.8248000000000104
19300 0.6243000000000052
19400 0.9046000000000092
19500 0.48920000000001096
19600 0.7241
19700 0.7371000000000052
19800 0.5844999999999985
19900 0.5899000000000072
20000 0.5955999999999975
20100 0.6950000000000003
20200 0.5011000000000081
20300 0.613900000000001
20400 0.531400000000005
20500 0.6793000000000049
20600 0.7023000000000081
20700 0.5061999999999998
20800 0.6744000000000057
20900 0.39700000000000557
21000 0.722299999999997
21100 0.5817000000000121
21200 0.9619999999999962
21300 0.6405999999999992
21400 0.849499999999999
21500 0.6616000000000071
21600 0.6686000000000121
21700 0.5799999999999983
21800 0.7338000000000022
21900 0.6742000000000061
22000 0.5992000000000033
22100 0.6731000000000051
22200 0.5065999999999988
22300 0.6344999999999956
22400 0.7015999999999991
22500 0.6439999999999984
22600 0.8895000000000053
22700 0.5264999999999986
22800 0.7260000000000062
22900 0.5394000000000005
23000 0.9395999999999987
23100 0.6600999999999928
23200 0.7783000000000015
23300 0.604600000000012
23400 0.7636000000000038
23500 0.7867000000000104
23600 0.7915000000000063
23700 0.7528000000000077
23800 0.9157000000000082
23900 0.8403000000000063
24000 0.9003000000000085
24100 0.7253000000000114
24200 0.7623000000000033
24300 0.6401000000000039
24400 0.7177999999999969
24500 0.9199000000000055
24600 1.043999999999997
24700 0.7927999999999997
24800 0.7140999999999948
24900 0.7058999999999997
25000 0.6135000000000019
25100 0.9425999999999988
25200 0.7655000000000101
25300 0.9513999999999996
25400 1.023299999999999
25500 0.6757000000000062
25600 0.6871000000000009
25700 0.8118000000000052
25800 0.7898000000000067
25900 0.8586000000000027
26000 0.8899000000000044
26100 0.7801000000000116
26200 0.6984999999999957
26300 1.0180000000000078
26400 0.8451000000000022
26500 0.8770999999999987
26600 0.4714999999999989
26700 0.7709000000000117
26800 0.8965999999999994
26900 1.0330000000000084
27000 0.8948999999999998
27100 0.9572000000000003
27200 0.8215000000000074
27300 0.8375000000000057
27400 0.9365000000000023
27500 1.064700000000002
27600 0.8078000000000003
27700 0.964100000000002
27800 0.8789000000000016
27900 0.8506
28000 0.8209000000000017
28100 0.9232999999999976
28200 0.8556999999999988
28300 0.9046999999999983
28400 1.0241000000000042
28500 1.0056000000000012
28600 0.9908000000000072
28700 0.7347000000000037
28800 0.8397000000000006
28900 0.8030000000000044
29000 0.912700000000001
29100 1.1071000000000026
29200 0.8582999999999998
29300 1.0101000000000013
29400 0.8087000000000089
29500 0.9954000000000036
29600 0.8554999999999993
29700 0.931200000000004
29800 0.9705000000000013
29900 0.9409000000000063
30000 0.7353000000000023
30100 0.8226000000000013
30200 0.9582000000000122
30300 0.9211000000000027
30400 0.8660000000000068
30500 1.0752999999999986
30600 1.1243000000000052
30700 0.8825000000000074
30800 0.9431000000000083
30900 0.7377000000000038
31000 1.0643999999999991
31100 1.144200000000005
31200 1.0626999999999924
31300 1.3408000000000087
31400 0.991500000000002
31500 1.0763000000000034
31600 0.8607000000000014
31700 1.0131000000000085
31800 0.9931000000000054
31900 0.8290000000000077
32000 1.0855000000000032
32100 0.7334000000000032
32200 0.8978000000000037
32300 1.0945999999999998
32400 1.0009000000000015
32500 0.8674000000000106
32600 1.0455000000000112
32700 0.8375000000000057
32800 0.9472000000000023
32900 1.047300000000007
33000 1.0797999999999988
33100 0.9455000000000027
33200 1.0636999999999972
33300 0.9406999999999996
33400 1.1260999999999939
33500 0.9102000000000103
33600 1.1724000000000103
33700 1.1510999999999996
33800 0.9823000000000022
33900 1.0346000000000046
34000 1.2728000000000037
34100 0.9105000000000061
34200 0.9987000000000066
34300 1.0660999999999987
34400 0.9023000000000039
34500 1.0065999999999988
34600 1.1824000000000012
34700 1.0124000000000066
34800 1.0485999999999933
34900 0.9930999999999983
35000 0.9008000000000109
35100 0.929700000000004
35200 0.8913999999999973
35300 0.9446999999999974
35400 0.8464000000000027
35500 0.889800000000001
35600 0.9518999999999949
35700 1.009600000000006
35800 1.1990000000000123
35900 1.0504999999999995
36000 1.2110000000000056
36100 1.1703000000000046
36200 1.4174000000000007
36300 1.1743999999999986
36400 1.2956000000000074
36500 1.1430000000000007
36600 1.1536999999999935
36700 1.2427000000000064
36800 1.2674000000000092
36900 1.3393000000000015
37000 1.1258000000000052
37100 1.0650000000000048
37200 1.2567000000000093
37300 0.7328000000000046
37400 1.1799000000000035
37500 1.2530000000000001
37600 1.1707999999999927
37700 1.0492000000000061
37800 0.9344000000000037
37900 1.12380000000001
38000 1.095099999999995
38100 0.8844999999999956
38200 1.0801000000000087
38300 0.929000000000002
38400 1.0770000000000053
38500 0.931200000000004
38600 0.944899999999997
38700 1.06430000000001
38800 0.9587000000000003
38900 1.0906999999999982
39000 0.9893000000000072
39100 1.2192000000000078
39200 1.3031000000000077
39300 1.038800000000009
39400 1.1774999999999949
39500 1.192700000000002
39600 1.2332999999999998
39700 1.238800000000012
39800 1.110199999999999
39900 1.1657000000000082
40000 1.2887000000000057
40100 1.204499999999996
40200 1.2124000000000024
40300 1.4124000000000052
40400 1.2286000000000072
40500 0.8859000000000066
40600 1.1122000000000014
40700 1.0173000000000059
40800 1.082899999999995
40900 1.271799999999999
41000 1.017399999999995
41100 1.266300000000001
41200 1.2652999999999963
41300 1.2102000000000075
41400 1.2412999999999954
41500 1.149000000000008
41600 1.0457999999999998
41700 1.2800000000000082
41800 1.2282999999999973
41900 1.284400000000005
42000 1.3377000000000123
42100 1.2047000000000025
42200 1.2477000000000018
42300 1.4561000000000064
42400 1.4757000000000104
42500 1.3682000000000016
42600 1.3625000000000043
42700 1.4576000000000064
42800 1.359800000000007
42900 1.2849999999999966
43000 1.2535000000000025
43100 1.313600000000001
43200 1.1190000000000069
43300 1.321700000000007
43400 1.3817999999999984
43500 1.0601999999999947
43600 1.2213000000000065
43700 1.193800000000003
43800 1.2361000000000075
43900 1.3631000000000029
44000 1.3405000000000058
44100 1.1435999999999993
44200 1.2642999999999986
44300 1.3773000000000053
44400 1.3315000000000055
44500 1.436399999999999
44600 1.4751999999999938
44700 1.0122
44800 1.3889000000000067
44900 1.4181000000000026
45000 1.3825999999999965
45100 1.5014000000000038
45200 1.4728000000000065
45300 1.144200000000005
45400 1.3188000000000102
45500 1.5509000000000057
45600 1.5464999999999947
45700 1.320200000000007
45800 1.2979000000000127
45900 1.2105999999999995
46000 1.1732000000000014
46100 1.246699999999997
46200 1.2567999999999984
46300 1.4215000000000089
46400 1.292500000000004
46500 1.4287000000000063
46600 1.2533999999999992
46700 1.3153000000000006
46800 1.4357000000000113
46900 1.4990999999999985
47000 1.3988999999999976
47100 1.387900000000002
47200 1.3773000000000053
47300 1.4455999999999989
47400 1.4246000000000052
47500 1.4519999999999982
47600 1.1858999999999966
47700 1.1680999999999955
47800 1.3104999999999976
47900 1.4566000000000088
48000 1.4246000000000123
48100 1.5012000000000043
48200 1.330999999999996
48300 1.3767000000000067
48400 1.539900000000003
48500 1.2867000000000033
48600 1.1595000000000084
48700 1.1525000000000105
48800 1.4403000000000006
48900 1.4254000000000104
49000 1.4418999999999969
49100 1.328800000000001
49200 1.2990000000000066
49300 1.4301000000000101
49400 1.4050999999999974
49500 1.4617999999999967
49600 1.3464000000000027
49700 1.1589000000000098
49800 1.4054000000000073
49900 1.4266000000000005
50000 1.4202000000000012
50100 1.533600000000007
50200 1.3316000000000017
50300 1.3415999999999926
50400 1.5820000000000007
50500 1.311000000000007
50600 1.4909000000000034
50700 1.622700000000009
50800 1.287399999999998
50900 1.394200000000005
51000 1.6318999999999946
51100 1.3665999999999983
51200 1.4941999999999993
51300 1.5078999999999994
51400 1.4852999999999952
51500 1.3525000000000063
51600 1.3370000000000033
51700 1.4309000000000083
51800 1.8076000000000008
51900 1.5386000000000024
52000 1.7888999999999982
52100 1.5585999999999984
52200 1.481499999999997
52300 1.4966000000000008
52400 1.6510000000000034
52500 1.7724000000000117
52600 1.4287000000000063
52700 1.5293000000000063
52800 1.3183000000000078
52900 1.4751000000000047
53000 1.411200000000008
53100 1.6844999999999999
53200 1.752900000000004
53300 1.544300000000007
53400 1.4891999999999967
53500 1.535899999999998
53600 1.6785000000000068
53700 1.3594000000000008
53800 1.2850000000000037
53900 1.5538000000000096
54000 1.6130000000000067
54100 1.6920000000000002
54200 1.6729000000000056
54300 1.6620999999999952
54400 1.608700000000006
54500 1.7317000000000036
54600 1.713799999999999
54700 1.7465000000000046
54800 1.5465000000000089
54900 1.9239000000000033
55000 1.4769000000000005
55100 1.3629000000000033
55200 1.4718000000000018
55300 1.5846000000000018
55400 1.7064000000000021
55500 1.7299999999999969
55600 1.7853999999999957
55700 1.7986000000000004
55800 2.0518
55900 1.5067999999999984
56000 1.816600000000001
56100 1.734400000000008
56200 1.8207000000000022
56300 1.7233000000000018
56400 1.7080000000000055
56500 1.8941999999999979
56600 1.7865000000000038
56700 1.639400000000009
56800 2.0120000000000076
56900 1.844600000000007
57000 2.0102999999999938
57100 1.9139999999999944
57200 2.0608000000000075
57300 1.8476
57400 1.9407000000000068
57500 1.9905000000000044
57600 1.7805999999999997
57700 1.992900000000013
57800 1.87830000000001
57900 1.831700000000005
58000 2.0667000000000044
58100 1.7760000000000034
58200 2.042599999999993
58300 2.0882000000000005
58400 1.950800000000001
58500 1.9170000000000087
58600 2.0608000000000004
58700 1.887200000000007
58800 1.794799999999995
58900 1.9949000000000083
59000 1.8207999999999984
59100 1.8305000000000007
59200 2.0382999999999996
59300 1.9469000000000065
59400 2.010799999999996
59500 1.7250000000000085
59600 1.9969000000000037
59700 1.9526000000000039
59800 1.866100000000003
59900 2.1098
60000 1.9699000000000026
60100 2.0138000000000034
60200 1.8563000000000045
60300 1.9802999999999997
60400 1.9370999999999938
60500 1.9442000000000021
60600 2.1330000000000098
60700 2.1125000000000043
60800 1.8384999999999962
60900 1.9756
61000 2.1021
61100 2.174999999999997
61200 1.8716000000000008
61300 1.9878000000000071
61400 2.0971000000000046
61500 1.8740000000000094
61600 1.9872999999999976
61700 2.0324000000000026
61800 1.8851999999999975
61900 2.065899999999999
62000 1.9146000000000072
62100 1.9343000000000075
62200 2.0490000000000066
62300 2.0982000000000127
62400 2.0426000000000073
62500 2.151699999999998
62600 1.7988999999999962
62700 2.0337000000000103
62800 1.9604999999999961
62900 2.0331000000000046
63000 2.102499999999999
63100 2.0342000000000056
63200 1.9895000000000067
63300 2.1606999999999985
63400 2.049100000000003
63500 1.9382999999999981
63600 2.1163999999999987
63700 1.9936000000000007
63800 1.9269000000000034
63900 2.185200000000002
64000 1.920500000000004
64100 2.076899999999995
64200 2.0431000000000026
64300 2.1189999999999998
64400 2.0319999999999965
64500 2.3677000000000064
64600 1.9723000000000042
64700 2.2276999999999987
64800 1.8108000000000075
64900 2.0142999999999986
65000 1.8059000000000083
65100 2.0364000000000075
65200 1.8945000000000078
65300 2.1880000000000024
65400 1.9917000000000087
65500 1.9009
65600 2.046900000000008
65700 1.879400000000004
65800 2.20450000000001
65900 2.364599999999996
66000 2.058100000000003
66100 2.359100000000005
66200 1.9966000000000008
66300 1.9431999999999974
66400 2.1673000000000116
66500 1.9337000000000018
66600 2.1018000000000043
66700 2.0914000000000073
66800 2.068700000000007
66900 2.2164
67000 1.9650999999999996
67100 2.0346000000000117
67200 2.122400000000006
67300 1.9821999999999989
67400 2.338399999999993
67500 2.2179
67600 2.2398999999999987
67700 2.2421000000000006
67800 2.4853000000000094
67900 2.225600000000007
68000 2.7609000000000066
68100 2.693000000000005
68200 2.9635999999999996
68300 2.9581000000000017
68400 3.1439999999999984
68500 3.8003
68600 3.370200000000004
68700 4.219900000000003
68800 4.016100000000002
68900 4.289099999999998
69000 4.8673
69100 4.914900000000003
69200 4.609999999999999
69300 5.286900000000003
69400 5.246200000000002
69500 5.727300000000007
69600 6.09340000000001
69700 6.631599999999999
69800 6.992700000000006
69900 7.492199999999997
70000 7.293500000000002
70100 7.633100000000006
70200 7.188700000000004
70300 7.886900000000004
70400 8.558500000000002
70500 8.759500000000003
70600 8.969800000000006
70700 9.131700000000002
70800 9.9758
70900 9.860699999999994
71000 10.147000000000006
71100 10.433700000000002
71200 10.653600000000004
71300 10.71180000000001
71400 11.373100000000008
71500 11.34300000000001
71600 11.34020000000001
71700 11.469100000000005
71800 11.615000000000009
71900 11.567200000000007
72000 12.213100000000011
72100 12.213600000000007
72200 12.630099999999999
72300 13.023800000000001
72400 13.142800000000008
72500 13.542500000000004
72600 13.479800000000012
72700 13.846199999999996
72800 14.276200000000003
72900 14.36910000000001
73000 14.349099999999993
73100 14.665000000000006
73200 14.807800000000007
73300 14.977800000000002
73400 15.206199999999995
73500 15.176800000000007
73600 15.305799999999998
73700 15.598800000000004
73800 15.777300000000004
73900 15.62530000000001
74000 15.740200000000002
74100 15.744700000000009
74200 15.665099999999995
74300 16.149600000000007
74400 16.115000000000002
74500 16.144700000000007
74600 16.202199999999998
74700 16.1888
74800 15.785399999999996
74900 16.1372
75000 16.194399999999995
75100 16.356899999999996
75200 16.080799999999996
75300 16.2581
75400 16.244300000000003
75500 16.534999999999997
75600 16.36370000000001
75700 16.3082
75800 16.468799999999995
75900 16.7222
76000 16.804300000000005
76100 17.0137
76200 17.0539
76300 17.089500000000008
76400 17.550599999999996
76500 17.5578
76600 18.004599999999996
76700 17.867500000000007
76800 18.3343
76900 18.114200000000004
77000 18.408499999999997
77100 18.250999999999998
77200 18.49900000000001
77300 18.351599999999998
77400 18.460499999999996
77500 18.685100000000006
77600 18.287400000000005
77700 18.455600000000004
77800 18.6849
77900 18.2613
78000 18.264300000000006
78100 18.355900000000005
78200 18.538800000000002
78300 18.367999999999995
78400 18.467399999999998
78500 18.498700000000007
78600 18.160500000000006
78700 18.683400000000006
78800 18.622999999999998
78900 18.856900000000003
79000 18.59020000000001
79100 19.125
79200 18.6436
79300 18.817600000000006
79400 18.7894
79500 18.53600000000001
79600 18.726
79700 18.9557
79800 18.41640000000001
79900 19.074000000000005
80000 18.942999999999998
80100 19.047400000000003
80200 18.839000000000006
80300 19.440200000000004
80400 19.047400000000003
80500 19.116300000000003
80600 19.170499999999997
80700 18.8352
80800 19.432500000000005
80900 19.338500000000003
81000 19.214500000000008
81100 19.53630000000001
81200 19.479200000000006
81300 19.3784
81400 19.462600000000002
81500 20.107499999999995
81600 19.458500000000008
81700 19.743799999999993
81800 19.686300000000003
81900 19.756499999999996
82000 19.762800000000013
82100 19.675300000000007
82200 19.68820000000001
82300 19.429000000000002
82400 19.318500000000007
82500 19.5094
82600 19.700599999999994
82700 19.503500000000003
82800 19.4362
82900 19.766200000000005
83000 19.412999999999997
83100 19.550900000000006
83200 19.3941
83300 19.1235
83400 19.355500000000006
83500 19.3532
83600 19.3534
83700 19.6595
83800 19.772799999999997
83900 19.2648
84000 19.766400000000004
84100 19.5347
84200 20.1034
84300 19.968700000000005
84400 19.927100000000003
84500 19.8283
84600 19.910600000000002
84700 20.197800000000008
84800 20.001800000000003
84900 19.8005
85000 20.193300000000008
85100 20.147600000000004
85200 20.279899999999998
85300 20.234899999999996
85400 20.500299999999996
85500 20.434499999999993
85600 20.671
85700 20.50540000000001
85800 20.579700000000003
85900 20.480199999999996
86000 20.6445
86100 20.691700000000004
86200 20.909999999999997
86300 20.616200000000006
86400 21.08630000000001
86500 20.80080000000001
86600 21.223600000000012
86700 21.316900000000004
86800 21.02060000000001
86900 21.296299999999995
87000 21.505200000000002
87100 21.472600000000007
87200 21.6783
87300 21.311
87400 21.393400000000007
87500 21.410899999999998
87600 21.263199999999998
87700 21.157900000000005
87800 21.194499999999998
87900 21.211500000000008
88000 21.221700000000006
88100 21.1582
88200 21.1509
88300 21.421200000000006
88400 21.143199999999993
88500 21.373199999999997
88600 21.105400000000003
88700 21.426700000000004
88800 21.348999999999997
88900 21.49430000000001
89000 21.416000000000004
89100 21.3089
89200 21.62120000000001
89300 21.643100000000004
89400 21.383000000000003
89500 21.75420000000001
89600 21.46110000000001
89700 21.5135
89800 21.47160000000001
89900 21.727599999999995
90000 21.916300000000007
90100 21.725800000000007
90200 21.8581
90300 21.803200000000004
90400 21.933400000000006
90500 21.6937
90600 21.928600000000003
90700 21.78450000000001
90800 21.9377
90900 22.409200000000006
91000 21.913600000000002
91100 22.219400000000007
91200 22.325999999999993
91300 21.970399999999998
91400 22.332800000000006
91500 22.372300000000003
91600 22.188300000000005
91700 22.167800000000007
91800 22.3866
91900 22.704800000000006
92000 22.655699999999996
92100 22.345400000000005
92200 22.500500000000002
92300 22.72570000000001
92400 22.75070000000001
92500 22.54800000000001
92600 22.896900000000002
92700 22.811100000000003
92800 22.59210000000001
92900 22.789900000000003
93000 22.615099999999998
93100 22.932299999999998
93200 22.655299999999997
93300 22.866999999999997
93400 22.666700000000006
93500 23.18200000000001
93600 22.7954
93700 23.114400000000003
93800 23.029100000000007
93900 22.775199999999998
94000 23.144900000000007
94100 23.06240000000001
94200 23.2061
94300 23.008699999999997
94400 23.1008
94500 23.249299999999998
94600 22.980000000000004
94700 23.276200000000003
94800 23.163899999999998
94900 23.483900000000006
95000 23.424100000000003
95100 23.4972
95200 23.237900000000003
95300 23.71840000000001
95400 23.426899999999996
95500 23.727799999999995
95600 23.7459
95700 23.57260000000001
95800 23.48770000000001
95900 23.602600000000002
96000 23.9264
96100 23.639000000000003
96200 23.891599999999997
96300 23.68500000000001
96400 24.118599999999994
96500 23.923299999999998
96600 24.165300000000002
96700 23.785000000000004
96800 24.2765
96900 24.3908
97000 24.187900000000006
97100 24.136499999999998
97200 24.02210000000001
97300 24.131700000000002
97400 24.234
97500 24.282600000000002
97600 24.090100000000007
97700 24.087700000000005
97800 24.214999999999996
97900 24.211600000000004
98000 24.275400000000005
98100 24.341699999999996
98200 24.3938
98300 24.404200000000003
98400 24.5704
98500 24.692700000000002
98600 24.7673
98700 24.545
98800 24.898900000000005
98900 24.592
99000 24.830000000000013
99100 24.803200000000004
99200 24.599800000000002
99300 24.973400000000005
99400 24.937100000000008
99500 25.01570000000001
99600 24.906200000000013
99700 24.69310000000001
99800 25.052400000000006
99900 24.980600000000003
100000 25.17260000000001
100100 24.9747
100200 25.178199999999997
100300 25.136899999999997
100400 25.308500000000002
100500 25.075699999999998
100600 25.04420000000001
100700 25.367300000000007
100800 25.0527
100900 25.3637
101000 25.599700000000006
101100 25.318400000000004
101200 25.384800000000006
101300 25.493800000000007
101400 25.535899999999998
101500 25.712799999999994
101600 25.648900000000005
101700 25.500200000000007
101800 25.76790000000001
101900 25.6836
102000 25.645100000000006
102100 25.819300000000005
102200 25.6584
102300 25.649700000000003
102400 25.92220000000001
102500 25.821499999999993
102600 25.80530000000001
102700 25.9859
102800 26.003999999999998
102900 26.218900000000005
103000 25.9056
103100 26.352600000000002
103200 25.955500000000008
103300 26.363400000000006
103400 26.3084
103500 26.09280000000001
103600 26.255300000000013
103700 26.1986
103800 26.273200000000003
103900 26.137600000000006
104000 26.262600000000006
104100 26.443699999999993
104200 26.249299999999998
104300 26.409800000000004
104400 26.47250000000001
104500 26.392000000000003
104600 26.32260000000001
104700 26.411699999999996
104800 26.0535
104900 26.369
105000 26.6488
105100 26.543300000000002
105200 26.545499999999997
105300 26.564600000000006
105400 26.7447
105500 26.543200000000013
105600 26.715700000000005
105700 26.9024
105800 27.0066
105900 26.84490000000001
106000 26.91980000000001
106100 26.8234
106200 27.254399999999997
106300 26.7917
106400 27.158900000000003
106500 26.910400000000003
106600 27.373599999999996
106700 27.185599999999994
106800 26.994099999999996
106900 27.299800000000005
107000 27.20660000000001
107100 27.5036
107200 27.396699999999996
107300 27.491600000000005
107400 27.306500000000007
107500 27.685399999999994
107600 27.6492
107700 27.651599999999995
107800 28.02490000000001
107900 27.703300000000006
108000 27.542500000000004
108100 27.983399999999996
108200 27.597199999999994
108300 27.884
108400 27.670700000000004
108500 27.54930000000001
108600 27.687300000000008
108700 27.483400000000003
108800 27.752199999999995
108900 27.9219
109000 27.985300000000002
109100 27.848400000000005
109200 27.8579
109300 27.78150000000001
109400 27.992900000000006
109500 27.9133
109600 27.9373
109700 28.2402
109800 28.184399999999997
109900 28.105399999999996
110000 28.2172
110100 28.149399999999993
110200 28.112700000000004
110300 28.242799999999995
110400 27.8998
110500 28.567600000000006
110600 28.3919
110700 28.420100000000005
110800 28.556800000000003
110900 28.457900000000002
111000 28.846899999999998
111100 28.793499999999995
111200 28.546800000000005
111300 28.567999999999998
111400 28.749900000000004
111500 28.64370000000001
111600 28.544100000000007
111700 28.766599999999997
111800 28.933600000000006
111900 28.768700000000003
112000 28.891099999999994
112100 29.0728
112200 29.036499999999997
112300 29.0582
112400 29.040100000000002
112500 29.045699999999997
112600 29.009000000000007
112700 29.314
112800 29.17170000000001
112900 29.412499999999994
113000 29.161700000000003
113100 29.271000000000008
113200 29.130799999999994
113300 28.99920000000001
113400 29.291300000000007
113500 28.8975
113600 28.9949
113700 29.247100000000003
113800 29.28
113900 29.2947
114000 29.4193
114100 29.432600000000008
114200 29.172199999999997
114300 29.401400000000002
114400 29.461400000000005
114500 29.503600000000006
114600 29.222800000000007
114700 29.7496
114800 29.723100000000002
114900 29.826000000000008
115000 29.860200000000006
115100 30.028100000000002
115200 30.000299999999996
115300 30.0146
115400 29.714
115500 30.0531
115600 29.97740000000001
115700 30.214000000000006
115800 30.031600000000005
115900 30.290700000000008
116000 30.025600000000004
116100 30.191300000000005
116200 30.2203
116300 29.9698
116400 30.071300000000008
116500 30.27830000000001
116600 30.344700000000003
116700 30.45430000000001
116800 30.3405
116900 30.1402
117000 30.548299999999998
117100 30.684000000000005
117200 30.484799999999993
117300 30.3797
117400 30.703500000000005
117500 30.4221
117600 30.861600000000003
117700 30.456699999999998
117800 30.682699999999997
117900 30.59700000000001
118000 30.665800000000004
118100 30.721600000000002
118200 30.604600000000005
118300 30.709900000000005
118400 30.647199999999998
118500 30.8354
118600 30.632000000000012
118700 30.7472
118800 30.9056
118900 30.928900000000013
119000 30.861000000000004
119100 31.049000000000007
119200 31.043299999999995
119300 31.036600000000007
119400 30.85500000000001
119500 31.466500000000003
119600 31.247600000000006
119700 31.1117
119800 31.427800000000012
119900 31.322899999999997
120000 31.4589
120100 31.208200000000005
120200 31.596500000000006
120300 31.746100000000006
120400 31.764300000000006
120500 31.686700000000002
120600 31.555299999999995
120700 31.7087
120800 31.930400000000013
120900 31.612299999999998
121000 31.81640000000001
121100 31.795300000000005
121200 32.0827
121300 31.9795
121400 32.2647
121500 31.885700000000007
121600 32.304500000000004
121700 32.1211
121800 32.065400000000004
121900 32.3202
122000 32.5419
122100 32.227900000000005
122200 32.3934
122300 32.3078
122400 32.4672
122500 32.71740000000001
122600 32.444300000000005
122700 32.33740000000001
122800 32.588800000000006
122900 32.4086
123000 32.239599999999996
123100 32.5777
123200 32.30350000000001
123300 32.414
123400 32.201699999999995
123500 32.44310000000001
123600 32.597899999999996
123700 32.5538
123800 32.69100000000001
123900 32.8966
124000 32.5766
124100 32.906200000000005
124200 32.64030000000001
124300 32.902499999999996
124400 32.505
124500 32.7659
124600 32.673199999999994
124700 32.7291
124800 32.631800000000005
124900 32.7244
125000 32.7803
125100 33.189099999999996
125200 33.1254
125300 33.092999999999996
125400 33.31400000000001
125500 33.07350000000001
125600 33.0722
125700 33.282900000000005
125800 33.1146
125900 33.2329
126000 33.269
126100 33.069100000000006
126200 33.5015
126300 33.3268
126400 33.4676
126500 33.247
126600 33.3492
126700 33.454800000000006
126800 33.38150000000001
126900 33.4056
127000 33.684400000000004
127100 33.2668
127200 33.7838
127300 33.5892
127400 33.670100000000005
127500 33.81320000000001
127600 34.248900000000006
127700 33.6818
127800 33.848099999999995
127900 33.76760000000001
128000 34.134600000000006
128100 33.951299999999996
128200 33.9573
128300 33.9518
128400 34.1288
128500 34.1902
128600 33.99380000000001
128700 34.101800000000004
128800 34.14490000000001
128900 34.183
129000 34.16870000000001
129100 34.28190000000001
129200 34.3539
129300 34.564099999999996
129400 34.514100000000006
129500 34.5194
129600 34.5098
129700 34.5271
129800 34.5082
129900 34.6387
130000 34.6813
130100 34.3547
130200 34.777100000000004
130300 34.6599
130400 35.10150000000001
130500 34.906800000000004
130600 35.2043
130700 35.20540000000001
130800 35.1052
130900 35.3704
131000 35.325100000000006
131100 35.3561
131200 35.458999999999996
131300 35.5678
131400 35.62170000000001
131500 35.52240000000001
131600 35.7841
131700 35.5236
131800 35.438900000000004
131900 35.587199999999996
132000 36.101800000000004
132100 35.9288
132200 35.94400000000001
132300 36.12010000000001
132400 35.97570000000001
132500 36.31120000000001
132600 36.1729
132700 36.442800000000005
132800 35.94030000000001
132900 36.4308
133000 36.36160000000001
133100 36.3201
133200 36.2206
133300 36.242399999999996
133400 36.61950000000001
133500 36.1883
133600 36.71330000000001
133700 36.5659
133800 36.581100000000006
133900 36.597699999999996
134000 36.5382
134100 36.717499999999994
134200 36.212
134300 36.3816
134400 36.8545
134500 36.5629
134600 36.818200000000004
134700 36.6289
134800 36.97620000000001
134900 36.8924
135000 36.79030000000001
135100 36.936899999999994
135200 36.8353
135300 36.97740000000001
135400 37.1666
135500 37.2016
135600 37.309400000000004
135700 37.0965
135800 37.4179
135900 37.5017
136000 36.864000000000004
136100 37.448800000000006
136200 37.4354
136300 37.4248
136400 37.3168
136500 37.561099999999996
136600 37.5411
136700 37.518499999999996
136800 37.4442
136900 37.4686
137000 37.348
137100 37.487500000000004
137200 37.570600000000006
137300 37.52870000000001
137400 37.3766
137500 37.7387
137600 37.46900000000001
137700 37.5919
137800 37.35790000000001
137900 37.6621
138000 37.44210000000001
138100 37.420100000000005
138200 37.6151
138300 37.418699999999994
138400 37.464400000000005
138500 37.345400000000005
138600 37.525
138700 37.42600000000001
138800 37.37920000000001
138900 37.6869
139000 37.45980000000001
139100 37.667500000000004
139200 37.7264
139300 37.51890000000001
139400 37.84740000000001
139500 37.78660000000001
139600 37.6467
139700 37.6319
139800 37.6621
139900 37.815900000000006
140000 37.70570000000001
140100 37.6381
140200 37.9612
140300 38.037400000000005
140400 37.936499999999995
140500 37.990300000000005
140600 37.9918
140700 38.0355
140800 38.288500000000006
140900 38.082800000000006
141000 38.6637
141100 38.3462
141200 38.6116
141300 38.5327
141400 38.4924
141500 38.652699999999996
141600 38.5115
141700 38.97650000000001
141800 38.7881
141900 38.847100000000005
142000 38.84910000000001
142100 38.83060000000001
142200 39.101400000000005
142300 38.850899999999996
142400 39.14070000000001
142500 39.0608
142600 39.0017
142700 38.9943
142800 38.964499999999994
142900 39.077200000000005
143000 39.23130000000001
143100 39.0813
143200 39.179100000000005
143300 39.57520000000001
143400 39.210899999999995
143500 39.47630000000001
143600 39.12890000000001
143700 39.0891
143800 39.339299999999994
143900 39.39750000000001
144000 39.4089
144100 39.3511
144200 39.324999999999996
144300 39.39180000000001
144400 39.5593
144500 39.49680000000001
144600 39.2527
144700 39.42960000000001
144800 39.3619
144900 39.63360000000001
145000 39.652
145100 39.702600000000004
145200 39.6654
145300 39.406200000000005
145400 39.8241
145500 39.8854
145600 39.75319999999999
145700 40.00300000000001
145800 39.75000000000001
145900 39.9623
146000 40.082499999999996
146100 39.6099
146200 40.3773
146300 40.1197
146400 40.659600000000005
146500 40.493700000000004
146600 40.6376
146700 40.51890000000001
146800 40.85470000000001
146900 40.6967
147000 41.0092
147100 40.505300000000005
147200 40.922200000000004
147300 40.942099999999996
147400 40.840700000000005
147500 40.8267
147600 40.857299999999995
147700 40.8002
147800 41.040099999999995
147900 40.9999
148000 41.109300000000005
148100 40.9821
148200 41.0817
148300 40.828199999999995
148400 40.9724
148500 40.673100000000005
148600 41.1617
148700 40.935900000000004
148800 40.95060000000001
148900 40.793200000000006
149000 41.14150000000001
149100 40.87490000000001
149200 41.1326
149300 40.923100000000005
149400 41.03829999999999
149500 40.82290000000001
149600 40.8098
149700 40.728100000000005
149800 40.92510000000001
149900 40.703300000000006
150000 41.127100000000006
150100 41.011799999999994
150200 40.931
150300 41.1557
150400 41.01020000000001
150500 41.1758
150600 41.0002
150700 41.40480000000001
150800 41.288399999999996
150900 41.111
151000 41.5466
151100 41.4566
151200 41.669000000000004
151300 41.3044
151400 41.501
151500 41.434000000000005
151600 41.7699
151700 41.6102
151800 41.6269
151900 41.3258
152000 41.597500000000004
152100 41.86690000000001
152200 42.19610000000001
152300 42.1867
152400 42.0812
152500 41.8461
152600 42.24679999999999
152700 42.45740000000001
152800 42.18729999999999
152900 42.629000000000005
153000 42.1047
153100 42.468599999999995
153200 42.2612
153300 42.4136
153400 41.9835
153500 42.561800000000005
153600 42.6604
153700 42.440900000000006
153800 42.56120000000001
153900 42.48430000000001
154000 42.702799999999996
154100 42.29250000000001
154200 42.8038
154300 42.2709
154400 42.78490000000001
154500 42.71000000000001
154600 42.6187
154700 42.5854
154800 42.6124
154900 42.53789999999999
155000 42.3514
155100 42.389300000000006
155200 42.998099999999994
155300 42.8
155400 42.8389
155500 42.963300000000004
155600 43.188100000000006
155700 43.0909
155800 43.2556
155900 42.751400000000004
156000 43.193799999999996
156100 43.107000000000006
156200 43.07840000000001
156300 43.315900000000006
156400 43.334900000000005
156500 43.314299999999996
156600 43.484199999999994
156700 43.7049
156800 43.530100000000004
156900 43.88550000000001
157000 43.6866
157100 43.867900000000006
157200 43.803700000000006
157300 43.908500000000004
157400 43.915800000000004
157500 43.73500000000001
157600 43.89970000000001
157700 43.816
157800 44.3152
157900 43.89070000000001
158000 44.15310000000001
158100 44.23140000000001
158200 44.0041
158300 44.0317
158400 44.1481
158500 44.266099999999994
158600 44.25540000000001
158700 44.3509
158800 44.4293
158900 44.149100000000004
159000 44.31570000000001
159100 44.140299999999996
159200 44.46940000000001
159300 44.226000000000006
159400 44.273300000000006
159500 44.53210000000001
159600 44.522400000000005
159700 44.216300000000004
159800 44.783
159900 44.6508
160000 44.6812
160100 44.836
