10100 0.0
10200 -0.17670000000000385
10300 -0.016200000000004877
10400 0.19779999999998665
10500 0.1798999999999964
10600 0.2400999999999911
10700 0.37810000000000343
10800 0.2814999999999941
10900 0.4913999999999987
11000 0.5355999999999952
11100 0.6282999999999888
11200 0.6822999999999979
11300 0.603599999999993
11400 0.7685999999999922
11500 0.4695000000000036
11600 0.662399999999991
11700 0.4392999999999958
11800 0.6397999999999939
11900 0.5709000000000017
12000 0.6313999999999922
12100 0.8851000000000013
12200 0.6441999999999979
12300 0.9727000000000032
12400 0.7294999999999874
12500 0.9175999999999931
12600 0.6026999999999987
12700 0.8705999999999889
12800 0.9307999999999979
12900 0.8207999999999984
13000 0.8259000000000043
13100 0.8589999999999947
13200 1.0032999999999959
13300 0.8721999999999923
13400 0.8721000000000032
13500 0.9642999999999944
13600 0.7749999999999915
13700 0.8678999999999988
13800 0.9020999999999972
13900 1.0737999999999914
14000 1.122799999999998
14100 1.2320999999999884
14200 1.1826999999999899
14300 0.8203000000000031
14400 1.0433999999999983
14500 1.1903999999999968
14600 0.9510999999999967
14700 1.0631000000000057
14800 0.7506999999999877
14900 0.7734999999999985
15000 0.9357999999999933
15100 0.926400000000001
15200 1.0934999999999988
15300 1.1714000000000055
15400 1.1988999999999876
15500 1.0379999999999967
15600 1.1092999999999904
15700 1.22379999999999
15800 1.3844999999999956
15900 1.2205999999999904
16000 1.3575000000000017
16100 1.2454999999999927
16200 1.3236999999999952
16300 1.3774999999999906
16400 1.6960999999999942
16500 1.6219999999999928
16600 1.5866999999999933
16700 1.623199999999997
16800 1.5486999999999966
16900 1.597699999999989
17000 1.7896
17100 1.6325999999999965
17200 1.531499999999987
17300 1.6350999999999942
17400 1.7358999999999938
17500 1.8440999999999903
17600 1.8689999999999927
17700 1.912399999999998
17800 1.6000999999999976
17900 1.8389999999999986
18000 1.8727000000000018
18100 1.8604999999999947
18200 1.8061000000000007
18300 1.5727999999999867
18400 1.811399999999992
18500 1.778499999999994
18600 1.7500999999999962
18700 1.8063999999999965
18800 1.832899999999995
18900 1.7591999999999928
19000 1.900899999999993
19100 1.9605999999999995
19200 2.236299999999993
19300 1.9590000000000032
19400 1.8933999999999926
19500 2.3164000000000016
19600 2.084299999999999
19700 2.098099999999995
19800 2.4412999999999982
19900 2.1171000000000006
20000 2.103199999999994
20100 2.1336000000000013
20200 2.2120999999999995
20300 2.1714999999999947
20400 2.1062999999999903
20500 2.1492999999999967
20600 2.0371999999999986
20700 2.029900000000005
20800 2.3049999999999997
20900 2.312100000000001
21000 2.0882999999999896
21100 2.4604
21200 2.1092999999999904
21300 2.212699999999998
21400 2.3686000000000007
21500 2.277399999999993
21600 2.4213999999999913
21700 2.332799999999999
21800 2.4880999999999958
21900 2.455600000000004
22000 2.548799999999993
22100 2.566500000000005
22200 2.676799999999993
22300 2.3389999999999915
22400 2.693099999999994
22500 2.5989999999999966
22600 2.663799999999995
22700 2.711999999999996
22800 2.651299999999992
22900 2.528799999999997
23000 2.6243999999999943
23100 2.7667
23200 2.67049999999999
23300 2.6610999999999976
23400 2.8000999999999934
23500 2.397199999999998
23600 2.731899999999989
23700 2.5727999999999938
23800 2.796199999999992
23900 2.613100000000003
24000 2.5807999999999964
24100 2.671600000000005
24200 2.5039999999999907
24300 2.6237999999999886
24400 2.734499999999997
24500 2.7055000000000007
24600 2.755599999999994
24700 2.6973999999999876
24800 2.9882999999999953
24900 3.040399999999998
25000 2.7883999999999958
25100 2.8633999999999986
25200 2.688599999999994
25300 2.7442999999999955
25400 2.6259999999999906
25500 2.62169999999999
25600 2.699799999999989
25700 3.092499999999994
25800 2.939300000000003
25900 2.772500000000001
26000 2.7512999999999934
26100 2.6518000000000015
26200 2.775099999999995
26300 2.912799999999997
26400 2.8008999999999915
26500 2.785199999999989
26600 2.8333999999999904
26700 2.701299999999989
26800 2.9628000000000014
26900 2.6977999999999938
27000 2.9095000000000013
27100 2.9972999999999956
27200 3.0084000000000017
27300 2.9726
27400 3.0353999999999957
27500 2.898399999999995
27600 2.8441999999999936
27700 2.9343999999999966
27800 3.1118000000000023
27900 2.984199999999994
28000 3.0394999999999897
28100 3.029899999999998
28200 2.923899999999996
28300 2.7080999999999946
28400 3.2554999999999907
28500 3.1880999999999986
28600 3.228500000000004
28700 2.875799999999998
28800 3.237000000000002
28900 3.030299999999997
29000 3.172699999999999
29100 3.1403000000000034
29200 3.3049000000000035
29300 3.248899999999999
29400 3.0892999999999944
29500 3.2291999999999916
29600 3.1280999999999963
29700 3.0459999999999923
29800 3.0929
29900 3.2608999999999924
30000 3.1555999999999926
30100 2.9838000000000022
30200 3.311399999999992
30300 3.153199999999991
30400 3.0561000000000007
30500 3.2180999999999926
30600 3.1961999999999904
30700 3.313199999999995
30800 3.3815000000000026
30900 3.335099999999997
31000 3.58209999999999
31100 3.2924000000000007
31200 3.349499999999992
31300 3.491500000000002
31400 3.136499999999998
31500 3.4891000000000005
31600 3.258599999999994
31700 3.213399999999993
31800 3.24969999999999
31900 2.9864999999999924
32000 3.199699999999993
32100 3.4906000000000006
32200 3.370899999999992
32300 3.5412999999999926
32400 3.276599999999995
32500 3.1814999999999927
32600 3.264800000000001
32700 3.603900000000003
32800 3.3911999999999978
32900 3.6263999999999967
33000 3.211899999999993
33100 3.387199999999993
33200 3.3225999999999942
33300 3.2249999999999943
33400 3.3511000000000024
33500 3.0663999999999874
33600 3.387500000000003
33700 3.3959999999999937
33800 3.222999999999992
33900 3.3227999999999938
34000 3.4100000000000037
34100 3.274700000000003
34200 3.303199999999997
34300 3.005299999999991
34400 3.281799999999997
34500 3.447900000000004
34600 3.4132000000000033
34700 3.2560000000000002
34800 3.5304
34900 3.144299999999994
35000 3.411900000000003
35100 3.569600000000001
35200 3.627299999999991
35300 3.3644999999999925
35400 3.524099999999997
35500 3.3464000000000027
35600 3.4679
35700 3.4239999999999995
35800 3.5397999999999925
35900 3.466700000000003
36000 3.4129999999999967
36100 3.59279999999999
36200 3.5024999999999977
36300 3.2768999999999977
36400 3.2911
36500 3.1450999999999993
36600 3.1218000000000004
36700 3.0061999999999998
36800 2.974199999999996
36900 2.9416999999999973
37000 3.092099999999995
37100 3.1894999999999882
37200 3.063999999999993
37300 3.1351000000000013
37400 3.2586000000000013
37500 3.2324000000000055
37600 3.437499999999993
37700 3.7065000000000055
37800 3.870599999999989
37900 3.917999999999992
38000 3.8612000000000037
38100 4.192199999999993
38200 4.136199999999995
38300 4.256199999999993
38400 4.575000000000003
38500 4.419099999999993
38600 4.345199999999998
38700 4.6858
38800 4.374399999999994
38900 4.567999999999991
39000 4.539599999999986
39100 4.311299999999996
39200 4.615600000000001
39300 4.5212
39400 4.5086999999999975
39500 4.184199999999997
39600 4.336299999999994
39700 4.191999999999993
39800 4.305799999999998
39900 4.142100000000006
40000 4.268299999999989
40100 4.043799999999997
40200 4.203900000000004
40300 4.3063
40400 4.298299999999998
40500 4.281300000000002
40600 4.321899999999992
40700 4.485199999999999
40800 4.778799999999997
40900 4.3984999999999985
41000 4.453099999999992
41100 4.634100000000004
41200 4.812699999999992
41300 4.809999999999995
41400 4.673899999999989
41500 4.333300000000001
41600 4.434299999999993
41700 4.575699999999998
41800 4.554299999999991
41900 4.742599999999996
42000 4.829099999999997
42100 4.535499999999992
42200 4.891300000000001
42300 4.840399999999995
42400 4.652799999999992
42500 4.6055999999999955
42600 4.931699999999999
42700 4.9313
42800 4.571899999999992
42900 4.86869999999999
43000 4.813499999999998
43100 4.874799999999993
43200 4.94189999999999
43300 4.602899999999991
43400 4.970999999999989
43500 5.071999999999996
43600 5.1159999999999926
43700 5.077799999999996
43800 4.858399999999996
43900 5.409499999999987
44000 5.500399999999999
44100 5.270600000000002
44200 5.172699999999992
44300 5.405999999999992
44400 5.5837999999999965
44500 5.776299999999999
44600 5.377199999999995
44700 5.363099999999989
44800 5.509199999999993
44900 5.5083999999999875
45000 5.516199999999998
45100 5.470899999999993
45200 5.514200000000002
45300 5.404099999999993
45400 5.214299999999994
45500 5.699400000000004
45600 5.622199999999999
45700 5.416399999999996
45800 5.632699999999993
45900 5.5
46000 5.392899999999997
46100 5.7265000000000015
46200 5.674499999999995
46300 5.615299999999998
46400 5.625799999999998
46500 5.676499999999997
46600 5.770099999999992
46700 5.938399999999987
46800 5.5852
46900 5.762099999999997
47000 5.644500000000001
47100 5.903800000000004
47200 5.668999999999997
47300 5.836299999999994
47400 6.091000000000001
47500 5.866399999999999
47600 5.895499999999998
47700 6.320799999999998
47800 5.891999999999996
47900 6.25119999999999
48000 5.912899999999993
48100 6.104300000000002
48200 6.1218999999999895
48300 6.179399999999994
48400 6.113899999999994
48500 6.144100000000002
48600 6.231199999999994
48700 6.298599999999993
48800 6.440999999999995
48900 6.055100000000003
49000 6.362599999999986
49100 6.22979999999999
49200 6.301000000000002
49300 6.618699999999997
49400 6.5488
49500 6.476699999999994
49600 6.714999999999989
49700 6.575999999999993
49800 6.607599999999998
49900 6.616799999999991
50000 6.741299999999988
50100 6.630000000000003
50200 6.802699999999994
50300 6.942599999999999
50400 6.733599999999996
50500 7.009299999999996
50600 6.844900000000003
50700 6.591200000000001
50800 6.670999999999992
50900 6.901699999999998
51000 6.731999999999992
51100 6.60649999999999
51200 6.853300000000004
51300 6.632699999999993
51400 7.042199999999994
51500 6.794799999999995
51600 6.860599999999991
51700 6.908699999999996
51800 6.799899999999994
51900 6.873899999999992
52000 6.6621999999999915
52100 7.047899999999991
52200 6.82589999999999
52300 6.875800000000005
52400 7.054000000000002
52500 7.1277999999999935
52600 7.0471
52700 7.134299999999996
52800 7.168699999999994
52900 7.314399999999992
53000 7.246899999999997
53100 7.405200000000001
53200 7.587799999999994
53300 7.430399999999992
53400 7.2427999999999955
53500 7.286699999999996
53600 7.283199999999994
53700 7.280199999999994
53800 7.459000000000003
53900 7.376400000000004
54000 7.506999999999998
54100 7.384700000000002
54200 7.602200000000003
54300 7.579199999999993
54400 7.445599999999999
54500 7.641999999999996
54600 7.6902999999999935
54700 7.800899999999999
54800 7.8814999999999955
54900 8.050799999999988
55000 7.816099999999999
55100 7.930199999999992
55200 8.16409999999999
55300 7.9147999999999925
55400 8.007499999999993
55500 7.944600000000001
55600 8.299399999999999
55700 8.337400000000002
55800 8.042300000000004
55900 8.1693
56000 7.9716999999999985
56100 8.172800000000002
56200 8.09279999999999
56300 8.328800000000001
56400 8.243000000000002
56500 8.202999999999989
56600 8.4998
56700 8.324999999999996
56800 8.21329999999999
56900 8.159200000000006
57000 8.366299999999995
57100 8.500099999999996
57200 8.516800000000003
57300 8.583699999999993
57400 8.822199999999988
57500 8.756
57600 8.651600000000002
57700 8.659299999999995
57800 8.6894
57900 8.70689999999999
58000 8.85779999999999
58100 8.578400000000002
58200 8.962299999999992
58300 8.849099999999993
58400 9.054199999999994
58500 8.9527
58600 8.688900000000004
58700 8.944199999999995
58800 8.675599999999989
58900 9.239099999999993
59000 8.953299999999992
59100 9.02069999999999
59200 9.056099999999994
59300 9.139800000000001
59400 8.825799999999994
59500 9.364099999999993
59600 9.249399999999994
59700 9.170900000000003
59800 9.175499999999992
59900 9.171199999999999
60000 9.449599999999997
60100 9.504999999999988
60200 9.220499999999994
60300 9.528500000000001
60400 9.577499999999993
60500 9.6402
60600 9.631599999999992
60700 9.868900000000004
60800 9.9251
60900 9.861599999999996
61000 10.121500000000005
61100 9.9606
61200 10.144499999999994
61300 10.269000000000005
61400 10.321299999999994
61500 10.377099999999992
61600 10.231099999999998
61700 10.21329999999999
61800 10.63199999999999
61900 10.690799999999989
62000 10.435099999999991
62100 10.719700000000003
62200 10.729899999999994
62300 10.493899999999996
62400 10.916400000000003
62500 10.5597
62600 10.840899999999998
62700 10.837699999999991
62800 10.873799999999989
62900 11.1282
63000 10.967299999999994
63100 11.0426
63200 11.190000000000005
63300 11.348899999999993
63400 11.333299999999987
63500 11.5546
63600 11.6051
63700 11.667700000000004
63800 12.09340000000001
63900 12.139099999999992
64000 12.161499999999997
64100 12.038000000000004
64200 12.0182
64300 12.305499999999988
64400 12.27429999999999
64500 12.333199999999998
64600 12.388399999999997
64700 12.5032
64800 12.428499999999993
64900 12.608899999999998
65000 12.852299999999993
65100 12.89389999999998
65200 13.052900000000001
65300 13.099200000000003
65400 13.301400000000008
65500 13.364299999999993
65600 13.893899999999995
65700 13.9424
65800 14.15929999999998
65900 14.549299999999995
66000 14.578399999999995
66100 14.677900000000001
66200 15.042300000000004
66300 15.036499999999997
66400 15.21739999999999
66500 15.291699999999999
66600 15.6111
66700 15.463999999999992
66800 15.992499999999986
66900 16.1291
67000 16.524199999999986
67100 16.46139999999999
67200 16.894099999999987
67300 16.67889999999999
67400 17.2344
67500 17.22289999999999
67600 17.380399999999987
67700 17.457900000000002
67800 17.638399999999997
67900 18.069599999999987
68000 17.9073
68100 18.06770000000001
68200 18.219
68300 18.1492
68400 18.528699999999994
68500 18.53799999999999
68600 18.455199999999998
68700 18.437500000000007
68800 18.8722
68900 18.982199999999985
69000 18.8615
69100 19.211099999999995
69200 18.88529999999998
69300 18.86589999999999
69400 19.005599999999994
69500 18.959799999999994
69600 18.967999999999996
69700 19.05729999999999
69800 18.8393
69900 19.080899999999993
70000 18.866699999999987
70100 19.120299999999993
70200 19.195100000000004
70300 19.333000000000006
70400 19.219599999999993
70500 19.30509999999999
70600 18.858699999999992
70700 19.158400000000007
70800 19.09839999999999
70900 19.30230000000001
71000 19.071099999999994
71100 19.401199999999996
71200 19.144299999999994
71300 19.2549
71400 19.293899999999987
71500 19.395199999999996
71600 19.25759999999999
71700 19.410800000000002
71800 19.4531
71900 19.420099999999998
72000 19.762699999999988
72100 19.693400000000004
72200 19.78799999999999
72300 20.00379999999999
72400 19.94509999999999
72500 19.970499999999994
72600 19.825799999999994
72700 20.117299999999993
72800 20.26659999999999
72900 20.248699999999992
73000 20.36209999999999
73100 20.309299999999986
73200 20.63299999999999
73300 20.508500000000005
73400 20.4535
73500 20.41359999999998
73600 20.785199999999982
73700 20.5306
73800 20.587599999999988
73900 20.842999999999996
74000 20.878999999999998
74100 20.875999999999998
74200 21.07890000000001
74300 21.073699999999995
74400 21.076
74500 21.05169999999999
74600 21.243699999999997
74700 21.1941
74800 21.161499999999997
74900 21.13710000000001
75000 21.338599999999992
75100 21.27949999999999
75200 21.348599999999998
75300 21.534
75400 21.533899999999996
75500 21.736399999999996
75600 21.5893
75700 21.4535
75800 21.669000000000004
75900 21.8559
76000 21.642100000000006
76100 21.593600000000002
76200 22.087299999999992
76300 21.679499999999997
76400 21.861399999999996
76500 21.931999999999995
76600 21.7712
76700 21.618100000000005
76800 21.991899999999994
76900 21.864299999999993
77000 22.191799999999994
77100 21.796200000000006
77200 21.85569999999999
77300 21.87449999999999
77400 21.81539999999999
77500 21.994000000000007
77600 21.8213
77700 21.95799999999999
77800 21.951
77900 21.76449999999999
78000 21.952499999999993
78100 22.05429999999999
78200 22.12510000000001
78300 22.015399999999993
78400 22.267099999999992
78500 21.8641
78600 22.295599999999986
78700 22.191499999999998
78800 22.196800000000003
78900 22.352899999999984
79000 21.99519999999999
79100 22.485099999999996
79200 22.154199999999996
79300 22.258999999999993
79400 22.433
79500 22.2917
79600 22.20239999999999
79700 22.413400000000003
79800 22.504200000000004
79900 22.583599999999997
80000 22.41089999999999
80100 22.72849999999999
80200 22.692600000000006
80300 22.770599999999995
80400 22.78029999999999
80500 22.679800000000007
80600 22.677
80700 22.6124
80800 22.91169999999999
80900 22.667999999999985
81000 23.115199999999994
81100 22.759899999999995
81200 23.191700000000004
81300 22.94169999999999
81400 22.702299999999987
81500 22.979999999999997
81600 22.877799999999986
81700 23.23040000000001
81800 23.156299999999995
81900 23.27429999999999
82000 23.405099999999983
82100 23.2964
82200 23.43869999999999
82300 23.401999999999994
82400 23.364600000000003
82500 23.84789999999999
82600 23.465899999999998
82700 23.822899999999983
82800 23.811799999999998
82900 23.795499999999983
83000 23.918299999999995
83100 23.969
83200 23.850999999999992
83300 23.8093
83400 23.805299999999995
83500 23.942199999999993
83600 23.804700000000004
83700 23.966699999999996
83800 24.098499999999994
83900 23.74920000000001
84000 24.228999999999992
84100 24.049500000000002
84200 24.098499999999994
84300 23.98239999999999
84400 24.16129999999999
84500 24.136100000000006
84600 24.017900000000004
84700 24.069300000000005
84800 24.04489999999999
84900 24.1368
85000 23.9232
85100 24.43099999999999
85200 24.1839
85300 24.093700000000005
85400 24.120399999999997
85500 24.4197
85600 24.47350000000001
85700 24.2147
85800 24.696599999999997
85900 24.262399999999992
86000 24.2224
86100 24.44769999999999
86200 24.389099999999992
86300 24.4925
86400 24.566199999999988
86500 24.526500000000006
86600 24.585500000000003
86700 24.4048
86800 24.572199999999988
86900 24.661399999999993
87000 24.2596
87100 24.9292
87200 24.412899999999986
87300 24.6197
87400 24.81879999999999
87500 24.865699999999997
87600 24.902400000000007
87700 24.8919
87800 24.852099999999986
87900 24.792100000000012
88000 24.93439999999999
88100 25.012699999999988
88200 25.13989999999999
88300 25.044999999999995
88400 25.218499999999985
88500 25.13989999999999
88600 25.620200000000004
88700 25.389999999999993
88800 25.329100000000004
88900 25.510399999999983
89000 25.4998
89100 25.362999999999992
89200 25.598999999999997
89300 25.544099999999993
89400 25.430799999999984
89500 25.536799999999992
89600 25.42589999999999
89700 25.5494
89800 25.669099999999993
89900 25.801099999999998
90000 25.576200000000007
90100 25.68179999999999
90200 26.058100000000003
90300 25.676499999999983
90400 25.66219999999999
90500 25.906700000000008
90600 25.74779999999999
90700 25.889199999999995
90800 25.758399999999988
90900 26.052799999999998
91000 25.855299999999993
91100 26.028399999999998
91200 25.803199999999997
91300 25.923499999999997
91400 26.0024
91500 26.0824
91600 26.0156
91700 26.33129999999999
91800 26.239899999999984
91900 26.177200000000006
92000 26.354599999999998
92100 26.367200000000004
92200 26.18869999999999
92300 26.44700000000001
92400 26.473599999999983
92500 26.48119999999998
92600 26.419500000000006
92700 26.531799999999997
92800 26.408799999999992
92900 26.652300000000004
93000 26.67589999999999
93100 26.47289999999999
93200 26.796
93300 26.767900000000004
93400 26.797499999999992
93500 26.699400000000004
93600 26.880000000000003
93700 26.78289999999999
93800 27.065100000000008
93900 27.057700000000004
94000 26.771599999999985
94100 26.7596
94200 27.098599999999998
94300 26.7074
94400 27.0721
94500 27.134599999999985
94600 27.012700000000002
94700 26.9904
94800 27.00799999999999
94900 26.98619999999999
95000 27.06709999999999
95100 27.239999999999988
95200 27.32309999999999
95300 27.424299999999995
95400 27.330599999999997
95500 27.237599999999993
95600 27.49859999999999
95700 27.542999999999985
95800 27.64029999999999
95900 27.563899999999997
96000 27.6547
96100 27.396599999999985
96200 27.743100000000005
96300 27.421799999999998
96400 27.66700000000001
96500 27.7994
96600 28.041599999999995
96700 27.92409999999999
96800 27.7352
96900 27.85609999999999
97000 27.711999999999996
97100 28.132700000000007
97200 27.794599999999996
97300 27.607499999999995
97400 28.060200000000002
97500 28.030499999999996
97600 27.959999999999987
97700 27.98359999999999
97800 28.029599999999995
97900 28.211599999999997
98000 28.2494
98100 27.911399999999993
98200 27.763700000000007
98300 27.9536
98400 28.062400000000004
98500 28.052399999999984
98600 28.012700000000002
98700 27.9608
98800 28.115600000000008
98900 28.146300000000004
99000 28.154000000000003
99100 28.3303
99200 28.343300000000006
99300 28.5276
99400 28.388299999999994
99500 28.375000000000007
99600 28.490199999999994
99700 28.479899999999994
99800 28.632000000000012
99900 28.515399999999993
100000 28.6295
100100 28.722299999999997
100200 28.81799999999999
100300 28.789700000000003
100400 28.788199999999996
100500 28.853299999999997
100600 28.608099999999986
100700 28.784699999999994
100800 28.71479999999999
100900 28.978599999999993
101000 29.103500000000004
101100 28.900299999999994
101200 29.050099999999993
101300 29.161199999999987
101400 29.18329999999998
101500 28.884400000000007
101600 29.0734
101700 28.92589999999999
101800 28.998200000000004
101900 29.04380000000001
102000 29.114399999999996
102100 29.038099999999993
102200 29.199000000000005
102300 28.9056
102400 29.042100000000012
102500 29.107999999999997
102600 29.04
102700 29.098400000000005
102800 29.545499999999983
102900 29.301099999999998
103000 29.458900000000007
103100 29.291499999999992
103200 29.55740000000001
103300 29.433799999999998
103400 29.515899999999995
103500 29.96009999999999
103600 29.699800000000003
103700 29.565000000000005
103800 29.7177
103900 29.5982
104000 29.835299999999997
104100 29.607800000000005
104200 30.054199999999987
104300 29.791599999999995
104400 30.332299999999996
104500 29.864999999999988
104600 30.1012
104700 29.779300000000013
104800 30.214899999999993
104900 30.11419999999999
105000 30.180299999999995
105100 30.339499999999994
105200 30.2464
105300 30.23189999999999
105400 30.16299999999999
105500 30.367600000000003
105600 30.299500000000002
105700 30.458800000000004
105800 30.5631
105900 30.4437
106000 30.592400000000005
106100 30.26159999999998
106200 30.520799999999987
106300 30.690599999999996
106400 30.503999999999998
106500 30.519399999999997
106600 30.761100000000006
106700 30.464999999999982
106800 30.9476
106900 30.628699999999988
107000 30.738900000000008
107100 30.638600000000004
107200 30.862100000000005
107300 30.875799999999977
107400 30.911599999999986
107500 30.864899999999984
107600 31.024999999999984
107700 30.91639999999999
107800 31.10139999999999
107900 30.969699999999996
108000 30.931199999999997
108100 30.996999999999993
108200 31.297799999999988
108300 31.062599999999996
108400 31.056800000000017
108500 31.443699999999986
108600 31.29009999999999
108700 31.308600000000006
108800 31.277499999999982
108900 31.53969999999999
109000 31.40850000000001
109100 31.478299999999983
109200 31.291499999999992
109300 31.368699999999997
109400 31.405700000000003
109500 31.404400000000003
109600 31.459200000000003
109700 31.39329999999999
109800 31.500499999999995
109900 31.37879999999999
110000 31.633900000000004
110100 31.755400000000016
110200 31.558499999999988
110300 31.552399999999984
110400 31.855700000000006
110500 31.657199999999996
110600 31.8101
110700 31.734500000000004
110800 31.88189999999998
110900 31.773000000000003
111000 31.89050000000001
111100 31.935800000000008
111200 32.10449999999998
111300 32.01590000000001
111400 31.963100000000004
111500 31.91100000000001
111600 32.1702
111700 32.12589999999998
111800 32.0091
111900 32.18239999999998
112000 32.22730000000001
112100 32.12969999999999
112200 32.4382
112300 32.17679999999999
112400 32.4335
112500 32.4733
112600 32.31639999999998
112700 32.31180000000001
112800 32.44180000000001
112900 32.3971
113000 32.52849999999999
113100 32.50260000000001
113200 32.360899999999994
113300 32.39209999999999
113400 32.686399999999985
113500 32.535299999999985
113600 32.733700000000006
113700 32.39470000000001
113800 32.714199999999984
113900 32.760899999999985
114000 32.55910000000001
114100 33.0418
114200 32.78120000000002
114300 33.07799999999998
114400 32.974
114500 33.16279999999998
114600 33.2339
114700 33.20719999999998
114800 33.172599999999996
114900 33.220400000000005
115000 33.38209999999999
115100 33.45119999999998
115200 33.18859999999999
115300 33.249599999999994
115400 33.413000000000004
115500 33.2163
115600 33.2105
115700 33.6337
115800 33.141799999999996
115900 33.28340000000001
116000 33.439
116100 33.40349999999999
116200 33.3473
116300 33.3885
116400 33.5049
116500 33.4989
116600 33.3054
116700 33.556400000000004
116800 33.6719
116900 33.56119999999999
117000 33.73159999999999
117100 33.442299999999996
117200 33.84529999999999
117300 33.7473
117400 33.709700000000005
117500 33.9155
117600 33.564600000000006
117700 33.9857
117800 33.7467
117900 33.863499999999995
118000 34.024599999999985
118100 33.983399999999996
118200 34.0752
118300 33.84190000000002
118400 34.15680000000001
118500 34.06839999999999
118600 34.2223
118700 34.17969999999999
118800 34.31799999999999
118900 34.53000000000001
119000 34.3182
119100 34.388600000000004
119200 34.278299999999994
119300 34.28289999999999
119400 34.323100000000004
119500 34.4741
119600 34.5366
119700 34.54989999999999
119800 34.38359999999998
119900 34.53499999999999
120000 34.33299999999998
120100 34.552399999999984
120200 34.552699999999994
120300 34.82980000000001
120400 34.692399999999985
120500 34.48919999999999
120600 34.7215
120700 34.86729999999999
120800 34.715099999999985
120900 34.81019999999999
121000 34.8709
121100 34.975
121200 34.59329999999998
121300 35.00600000000001
121400 34.790200000000006
121500 34.89879999999999
121600 34.9986
121700 35.14539999999999
121800 34.955699999999986
121900 35.20159999999999
122000 35.09459999999999
122100 35.18099999999999
122200 35.27439999999999
122300 35.1684
122400 35.17650000000001
122500 35.00549999999999
122600 35.059699999999985
122700 35.29269999999999
122800 35.520199999999996
122900 35.36589999999999
123000 35.54229999999999
123100 35.5828
123200 35.5862
123300 35.4984
123400 35.73919999999999
123500 35.6882
123600 35.640899999999995
123700 35.9997
123800 35.9492
123900 35.61419999999999
124000 35.7302
124100 35.60370000000001
124200 35.88530000000001
124300 35.89719999999999
124400 36.00050000000001
124500 36.06619999999999
124600 35.68420000000001
124700 35.953700000000005
124800 36.0639
124900 36.239399999999996
125000 35.8491
125100 36.21599999999999
125200 36.22969999999999
125300 35.96139999999999
125400 36.033999999999985
125500 36.23680000000001
125600 35.9599
125700 36.391200000000005
125800 36.3239
125900 36.309599999999996
126000 36.43879999999999
126100 36.56250000000001
126200 36.23489999999999
126300 36.445100000000004
126400 36.697700000000005
126500 36.5978
126600 36.593499999999985
126700 36.87670000000001
126800 36.401800000000016
126900 36.8706
127000 36.94549999999999
127100 36.873499999999986
127200 36.831300000000006
127300 36.87930000000001
127400 36.7486
127500 36.9064
127600 36.76290000000001
127700 36.95759999999999
127800 36.9151
127900 36.73590000000001
128000 36.8825
128100 37.06959999999999
128200 36.90589999999998
128300 36.942299999999996
128400 37.03419999999999
128500 36.82859999999999
128600 37.2413
128700 37.03969999999999
128800 36.92919999999999
128900 37.078099999999985
129000 37.07020000000001
129100 37.089400000000005
129200 37.25300000000001
129300 37.45770000000001
129400 37.44790000000001
129500 37.3466
129600 37.61360000000001
129700 37.71399999999998
129800 37.631800000000005
129900 37.5533
130000 37.736799999999995
130100 37.74499999999998
130200 37.7767
130300 37.90380000000001
130400 38.00259999999998
130500 37.71699999999999
130600 38.169699999999985
130700 37.68580000000001
130800 37.847199999999994
130900 38.05249999999999
131000 37.91009999999998
131100 37.968499999999985
131200 37.96349999999999
131300 37.83490000000001
131400 37.92679999999999
131500 38.02490000000001
131600 37.91879999999998
131700 37.8971
131800 38.11289999999999
131900 38.0974
132000 38.0584
132100 38.148899999999976
132200 37.81950000000001
132300 38.19909999999998
132400 38.09040000000001
132500 38.06259999999998
132600 38.099
132700 38.065000000000005
132800 38.19559999999999
132900 38.31350000000001
133000 38.39719999999998
133100 38.1286
133200 38.22799999999999
133300 38.492999999999974
133400 38.51570000000002
133500 38.6508
133600 38.53879999999999
133700 38.73789999999999
133800 38.57959999999999
133900 38.632600000000004
134000 38.7438
134100 38.60959999999998
134200 38.8569
134300 38.96479999999999
134400 38.9574
134500 39.17549999999999
134600 38.7198
134700 39.0354
134800 38.847500000000004
134900 39.17640000000001
135000 39.38960000000001
135100 39.14029999999999
135200 38.980499999999985
135300 39.167099999999984
135400 39.40179999999999
135500 39.1196
135600 39.31080000000001
135700 39.143999999999984
135800 39.139100000000006
135900 39.00169999999999
136000 39.1248
136100 39.20039999999998
136200 39.1491
136300 39.168299999999995
136400 39.0902
136500 39.2258
136600 39.023299999999985
136700 39.02940000000002
136800 39.233899999999984
136900 39.2155
137000 39.062999999999995
137100 39.34470000000001
137200 39.17570000000001
137300 39.50390000000001
137400 39.446000000000005
137500 39.73470000000001
137600 39.59189999999999
137700 39.3884
137800 39.9746
137900 39.87329999999999
138000 39.63209999999999
138100 39.9236
138200 39.94529999999998
138300 40.08959999999998
138400 40.119199999999985
138500 40.07559999999999
138600 40.21200000000001
138700 40.23299999999998
138800 40.296699999999994
138900 40.453700000000005
139000 40.24660000000001
139100 40.231100000000005
139200 40.329299999999996
139300 40.445699999999995
139400 40.53409999999999
139500 40.311399999999985
139600 40.336999999999996
139700 40.5521
139800 40.646199999999986
139900 40.758500000000005
140000 40.476800000000004
140100 40.543299999999995
140200 40.479400000000005
140300 40.6556
140400 40.5383
140500 40.60739999999999
140600 40.716799999999985
140700 40.606500000000004
140800 41.007600000000004
140900 40.599
141000 40.93099999999999
141100 40.74919999999998
141200 40.72469999999999
141300 40.91270000000001
141400 41.0478
141500 40.64639999999999
141600 41.1976
141700 41.2206
141800 40.8045
141900 40.863800000000005
142000 41.20279999999999
142100 41.19190000000001
142200 41.448600000000006
142300 41.294699999999985
142400 41.34619999999999
142500 41.4124
142600 41.3567
142700 41.3726
142800 41.645500000000006
142900 41.539899999999996
143000 41.57989999999999
143100 41.82989999999999
143200 41.481
143300 41.68750000000001
143400 41.522200000000005
143500 41.76339999999998
143600 41.54449999999999
143700 41.838699999999996
143800 41.77489999999998
143900 41.630599999999994
144000 41.8079
144100 41.9261
144200 42.042200000000015
144300 41.8397
144400 41.902600000000014
144500 41.829299999999996
144600 41.99599999999999
144700 41.941099999999985
144800 41.90139999999999
144900 42.02859999999999
145000 42.1059
145100 41.9355
145200 42.13320000000001
145300 42.143800000000006
145400 42.26179999999999
145500 42.3092
145600 42.51540000000001
145700 42.12599999999998
145800 42.25889999999999
145900 42.53700000000001
146000 42.42329999999999
146100 42.47459999999999
146200 42.51590000000001
146300 42.25459999999999
146400 42.512499999999996
146500 42.3234
146600 42.403899999999986
146700 42.285900000000005
146800 42.46099999999999
146900 42.34839999999998
147000 42.59889999999999
147100 42.6376
147200 42.44209999999999
147300 42.61819999999998
147400 42.52109999999998
147500 42.64990000000001
147600 42.60710000000001
147700 42.61360000000001
147800 42.60739999999999
147900 42.798700000000004
148000 42.58559999999999
148100 42.5815
148200 42.972799999999985
148300 42.62250000000001
148400 42.7686
148500 42.92149999999999
148600 42.97689999999998
148700 43.2797
148800 43.1915
148900 43.21789999999999
149000 43.04979999999998
149100 43.36049999999998
149200 43.35399999999999
149300 43.119800000000005
149400 43.459099999999985
149500 43.194300000000005
149600 43.3092
149700 43.43549999999998
149800 43.37
149900 43.5417
150000 43.57240000000001
150100 43.33589999999999
150200 43.628599999999985
150300 43.48330000000001
150400 43.7104
150500 43.78389999999998
150600 43.77309999999999
150700 43.81759999999999
150800 43.71299999999999
150900 43.72039999999999
151000 43.8038
151100 43.70029999999999
151200 43.69949999999998
151300 43.924399999999984
151400 43.8379
151500 43.7591
151600 43.8332
151700 44.0768
151800 44.145999999999994
151900 43.8268
152000 44.0717
152100 44.305600000000005
152200 44.27859999999999
152300 44.37759999999998
152400 44.306400000000004
152500 44.404999999999994
152600 44.28710000000002
152700 44.1256
152800 44.27769999999999
152900 44.491400000000006
153000 44.392900000000004
153100 44.198000000000015
153200 44.76829999999999
153300 44.708999999999996
153400 44.6762
153500 44.706600000000016
153600 44.894899999999986
153700 44.61989999999998
153800 45.02269999999999
153900 45.035000000000004
154000 44.7974
154100 44.6925
154200 44.767
154300 44.706600000000016
154400 44.97329999999999
154500 44.9305
154600 45.01460000000001
154700 45.042999999999985
154800 44.9736
154900 45.07620000000001
155000 45.284500000000016
155100 44.958800000000004
155200 45.07490000000001
155300 44.9603
155400 45.24939999999999
155500 45.30059999999998
155600 45.04779999999999
155700 45.54199999999998
155800 45.421
155900 45.357800000000005
156000 45.328700000000005
156100 45.21060000000001
156200 45.45209999999998
156300 45.485899999999994
156400 45.46150000000001
156500 45.4476
156600 45.613499999999995
156700 45.64050000000001
156800 45.68969999999998
156900 45.57450000000001
157000 45.63
157100 45.6307
157200 45.51080000000001
157300 45.754
157400 45.41119999999999
157500 45.653299999999994
157600 45.961999999999996
157700 45.805200000000006
157800 45.728500000000004
157900 46.0203
158000 45.64709999999997
158100 45.637800000000006
158200 45.8401
158300 45.76959999999999
158400 45.812400000000004
158500 45.86229999999998
158600 45.796299999999995
158700 46.055699999999995
158800 46.03979999999999
158900 46.487100000000005
159000 45.92889999999999
159100 45.9943
159200 46.3141
159300 46.31199999999999
159400 46.1941
159500 46.1782
159600 46.332
159700 46.25079999999998
159800 46.351199999999984
159900 46.309799999999974
160000 46.420899999999996
160100 46.475500000000004
