10100 0.0
10200 0.024299999999996658
10300 -0.030699999999988847
10400 0.17030000000000456
10500 0.13060000000000116
10600 0.014900000000004354
10700 0.13750000000000995
10800 0.04150000000000631
10900 -0.02850000000000108
11000 -0.043299999999987904
11100 -0.08139999999999503
11200 -0.1647999999999925
11300 -0.11659999999999826
11400 -0.029799999999994498
11500 -0.1669999999999945
11600 -0.01759999999999451
11700 -0.07489999999999242
11800 0.07580000000000808
11900 0.23919999999999675
12000 0.2190000000000083
12100 0.46370000000001
12200 0.46050000000001035
12300 0.38980000000000103
12400 0.42710000000001
12500 0.3954000000000093
12600 0.48560000000000514
12700 0.44000000000001194
12800 0.6047000000000011
12900 0.549900000000008
13000 0.5501000000000005
13100 0.5952000000000055
13200 0.7479999999999976
13300 0.7338000000000093
13400 0.6296000000000035
13500 0.813900000000011
13600 0.7820000000000107
13700 0.7241000000000071
13800 0.49670000000001124
13900 0.48680000000000945
14000 0.7423000000000073
14100 0.7664000000000044
14200 0.5239000000000118
14300 0.7162000000000077
14400 0.886400000000009
14500 0.7259999999999991
14600 0.7839999999999989
14700 0.5932000000000031
14800 0.7727000000000075
14900 0.7309000000000125
15000 0.5642000000000067
15100 0.7796000000000021
15200 0.9491000000000085
15300 0.6801000000000101
15400 0.8658000000000143
15500 0.8123000000000076
15600 0.6423000000000059
15700 0.9440000000000097
15800 0.8057000000000016
15900 0.9287000000000063
16000 1.0258000000000038
16100 1.1038000000000068
16200 1.1081000000000074
16300 1.1648000000000067
16400 1.1554000000000073
16500 1.149000000000001
16600 1.0785000000000053
16700 1.2468000000000075
16800 1.169300000000007
16900 1.2353000000000094
17000 1.0742000000000047
17100 1.2398000000000025
17200 0.9753000000000043
17300 1.3492999999999995
17400 1.3518000000000114
17500 1.3441000000000045
17600 1.2176000000000045
17700 1.3081000000000031
17800 1.136400000000009
17900 1.2384000000000057
18000 1.405699999999996
18100 1.316100000000013
18200 1.2275000000000134
18300 1.4124000000000123
18400 1.4332000000000136
18500 1.5415000000000063
18600 1.5270999999999972
18700 1.4493000000000151
18800 1.4163000000000068
18900 1.2051000000000016
19000 1.2976000000000099
19100 1.4620000000000104
19200 1.5268999999999977
19300 1.3980000000000103
19400 1.4351000000000056
19500 1.5864000000000047
19600 1.5755000000000052
19700 1.601300000000002
19800 1.4273000000000096
19900 1.508500000000005
20000 1.3459000000000145
20100 1.4044000000000167
20200 1.5587000000000018
20300 1.483700000000006
20400 1.6324000000000112
20500 1.563600000000001
20600 1.6071000000000097
20700 1.5763000000000034
20800 1.805100000000003
20900 1.5470000000000041
21000 1.665300000000009
21100 1.785899999999998
21200 1.8723000000000027
21300 1.8262000000000072
21400 1.710800000000006
21500 1.8315000000000055
21600 1.9113000000000113
21700 1.85390000000001
21800 1.9498000000000033
21900 1.8562000000000083
22000 1.831700000000012
22100 2.0767999999999986
22200 2.0316000000000045
22300 1.9632000000000076
22400 1.9611000000000018
22500 2.008800000000008
22600 1.9842000000000013
22700 2.196000000000012
22800 2.071300000000001
22900 2.0479000000000056
23000 2.079900000000002
23100 1.808000000000007
23200 2.0131000000000014
23300 2.032899999999998
23400 2.13600000000001
23500 2.2517000000000067
23600 2.006700000000002
23700 2.096199999999996
23800 2.1211000000000055
23900 1.9098000000000042
24000 2.0901000000000067
24100 2.2053999999999974
24200 2.0016000000000105
24300 2.083500000000008
24400 2.1089000000000055
24500 2.3323000000000036
24600 2.275500000000001
24700 2.169300000000014
24800 2.284800000000004
24900 2.299200000000006
25000 2.1463000000000108
25100 2.3729000000000013
25200 2.1525000000000034
25300 2.2845000000000155
25400 2.4122000000000057
25500 2.3337000000000074
25600 2.1806000000000125
25700 2.2708000000000084
25800 2.1494
25900 2.288800000000002
26000 2.491100000000003
26100 2.3686000000000007
26200 2.5553000000000097
26300 2.4111000000000047
26400 2.4562000000000026
26500 2.5356000000000094
26600 2.415300000000016
26700 2.566200000000009
26800 2.4994000000000085
26900 2.5527000000000015
27000 2.3842
27100 2.3877000000000095
27200 2.6204000000000107
27300 2.5733000000000104
27400 2.7027000000000143
27500 2.690400000000011
27600 2.614300000000007
27700 2.5555000000000163
27800 2.6680000000000135
27900 2.8436000000000092
28000 2.8072000000000017
28100 2.808100000000003
28200 2.649000000000001
28300 2.854300000000009
28400 2.844200000000008
28500 2.520000000000003
28600 2.7253000000000043
28700 2.6184000000000083
28800 2.8311000000000064
28900 2.7375000000000114
29000 2.8590000000000018
29100 2.6258000000000052
29200 2.591799999999999
29300 2.8896000000000086
29400 2.80510000000001
29500 2.7812000000000054
29600 2.958900000000007
29700 2.785800000000002
29800 2.888700000000007
29900 3.085000000000015
30000 3.021400000000014
30100 3.003999999999998
30200 2.8278000000000105
30300 2.859800000000007
30400 2.941100000000013
30500 2.7926000000000073
30600 2.950800000000001
30700 2.950400000000002
30800 2.9044000000000096
30900 3.034300000000009
31000 3.1554000000000144
31100 2.891600000000004
31200 3.0963000000000136
31300 3.1721000000000075
31400 3.012800000000013
31500 2.9916000000000125
31600 3.200100000000006
31700 3.1799000000000035
31800 3.126800000000003
31900 3.0037999999999982
32000 3.064700000000002
32100 3.112400000000001
32200 2.9406999999999996
32300 3.2306000000000026
32400 3.0509000000000057
32500 3.0522000000000062
32600 3.113800000000012
32700 3.0441000000000003
32800 2.9265000000000114
32900 3.1429000000000116
33000 3.0463000000000022
33100 3.2652000000000143
33200 3.140100000000011
33300 3.1529000000000096
33400 3.1816999999999993
33500 3.0468000000000046
33600 3.146100000000004
33700 3.2088000000000036
33800 3.3338000000000036
33900 2.980700000000006
34000 3.0897000000000148
34100 2.676000000000002
34200 2.7678000000000083
34300 3.013200000000012
34400 2.9643000000000157
34500 2.9558999999999997
34600 2.986200000000011
34700 2.970100000000002
34800 2.980000000000004
34900 2.844700000000003
35000 3.013200000000012
35100 3.0829000000000093
35200 3.113800000000012
35300 3.007700000000007
35400 2.7835000000000107
35500 3.1240000000000094
35600 3.1799000000000035
35700 3.2668000000000106
35800 3.3589000000000127
35900 3.4418000000000006
36000 3.6041000000000096
36100 3.8181000000000083
36200 3.8632000000000133
36300 3.884600000000006
36400 3.8023000000000025
36500 3.458600000000011
36600 3.795100000000005
36700 3.700800000000015
36800 3.768100000000004
36900 3.9215000000000018
37000 3.957000000000008
37100 3.6976000000000013
37200 3.6995000000000076
37300 3.7184000000000026
37400 3.9292000000000016
37500 3.8759000000000086
37600 3.7624000000000066
37700 4.063200000000009
37800 4.257600000000004
37900 4.452600000000011
38000 4.488100000000003
38100 4.491200000000006
38200 4.753700000000009
38300 4.725100000000005
38400 4.692600000000006
38500 4.71050000000001
38600 4.8541000000000025
38700 4.830600000000011
38800 4.9798000000000044
38900 4.505600000000001
39000 4.8962
39100 4.8330000000000055
39200 4.815900000000013
39300 4.956500000000013
39400 4.761400000000002
39500 4.622700000000002
39600 4.760200000000012
39700 4.654100000000007
39800 4.7029
39900 4.7305000000000135
40000 4.619500000000016
40100 4.492400000000011
40200 4.579900000000002
40300 4.592700000000008
40400 4.769800000000004
40500 4.737100000000012
40600 4.898100000000014
40700 4.783900000000003
40800 4.698800000000006
40900 4.585000000000008
41000 4.708700000000007
41100 4.754300000000008
41200 4.724600000000002
41300 4.980000000000011
41400 4.7908000000000115
41500 4.869900000000001
41600 4.9110000000000085
41700 4.802400000000013
41800 4.746000000000009
41900 4.8788000000000125
42000 5.035100000000007
42100 4.927000000000007
42200 4.945600000000006
42300 4.7908000000000115
42400 4.872199999999999
42500 4.941600000000001
42600 5.059400000000011
42700 5.1899000000000015
42800 5.079500000000003
42900 4.861199999999997
43000 4.945900000000002
43100 4.981200000000001
43200 5.0722000000000165
43300 4.984900000000003
43400 5.039500000000004
43500 5.274100000000004
43600 5.172600000000003
43700 5.273600000000009
43800 5.2002000000000095
43900 5.223999999999997
44000 5.352800000000009
44100 5.619500000000002
44200 5.481400000000001
44300 5.6676
44400 5.726000000000006
44500 5.599700000000006
44600 5.566600000000001
44700 5.68610000000001
44800 5.673099999999998
44900 5.7771000000000114
45000 5.740699999999997
45100 5.684500000000007
45200 5.597900000000003
45300 5.479500000000009
45400 5.554800000000007
45500 5.632800000000003
45600 5.937000000000012
45700 5.7124000000000095
45800 5.746500000000012
45900 5.709200000000003
46000 5.773100000000007
46100 5.613399999999999
46200 5.691899999999997
46300 5.851600000000005
46400 5.849499999999999
46500 5.797600000000003
46600 5.644300000000001
46700 5.686900000000016
46800 5.510000000000005
46900 5.6646
47000 5.925000000000011
47100 5.9497
47200 5.942000000000007
47300 5.861000000000004
47400 5.9173000000000116
47500 5.7823000000000135
47600 6.015500000000003
47700 5.969500000000011
47800 5.904800000000002
47900 6.005500000000005
48000 5.96200000000001
48100 6.182299999999998
48200 6.29910000000001
48300 5.985200000000006
48400 6.142800000000008
48500 6.352000000000011
48600 6.348700000000015
48700 6.425600000000003
48800 6.436100000000003
48900 6.468300000000006
49000 6.715600000000002
49100 6.653300000000009
49200 6.663500000000006
49300 6.858700000000006
49400 6.759600000000013
49500 6.7549000000000134
49600 6.810899999999997
49700 6.774099999999997
49800 6.8781000000000105
49900 6.9838000000000235
50000 6.906300000000009
50100 6.839100000000009
50200 7.052600000000005
50300 6.863400000000006
50400 7.108700000000006
50500 6.88150000000001
50600 7.006400000000006
50700 6.94169999999999
50800 6.767700000000012
50900 6.857800000000005
51000 6.73370000000002
51100 6.769600000000004
51200 6.899899999999995
51300 7.1175
51400 7.065700000000014
51500 6.823599999999992
51600 7.019400000000012
51700 7.0685000000000215
51800 6.839100000000009
51900 7.186200000000007
52000 7.1728000000000165
52100 7.453600000000002
52200 7.4114000000000075
52300 7.2479999999999976
52400 7.390300000000018
52500 7.40920000000002
52600 7.246699999999997
52700 7.366700000000016
52800 7.453400000000009
52900 7.481100000000019
53000 7.247700000000002
53100 7.440999999999995
53200 7.327200000000012
53300 7.420100000000012
53400 7.378300000000017
53500 7.648099999999992
53600 7.555200000000006
53700 7.411099999999998
53800 7.593000000000011
53900 7.484200000000008
54000 7.412400000000012
54100 7.370400000000011
54200 7.68160000000001
54300 7.562500000000007
54400 7.607500000000009
54500 7.826500000000003
54600 7.611700000000006
54700 7.750400000000006
54800 7.859699999999997
54900 7.759700000000002
55000 7.774099999999997
55100 7.911700000000003
55200 8.142400000000002
55300 7.930600000000005
55400 8.173700000000004
55500 8.249400000000001
55600 7.969900000000003
55700 8.230900000000013
55800 8.13580000000001
55900 7.993600000000008
56000 8.118400000000001
56100 8.343700000000005
56200 8.192500000000003
56300 8.274899999999995
56400 8.202100000000009
56500 8.160500000000006
56600 8.498399999999997
56700 8.291099999999993
56800 8.47570000000001
56900 8.685899999999997
57000 8.468899999999998
57100 8.345400000000005
57200 8.524800000000006
57300 8.64780000000001
57400 8.423600000000015
57500 8.384400000000007
57600 8.752300000000012
57700 8.684099999999994
57800 8.584500000000013
57900 8.518100000000011
58000 8.937300000000015
58100 8.856000000000016
58200 8.687900000000006
58300 8.7712
58400 8.932499999999997
58500 8.936699999999995
58600 8.763799999999996
58700 8.943800000000003
58800 8.950700000000005
58900 8.820500000000003
59000 8.896999999999998
59100 9.07930000000001
59200 8.747900000000008
59300 9.016100000000016
59400 9.140800000000006
59500 8.941799999999994
59600 8.926400000000008
59700 8.8889
59800 8.823100000000004
59900 9.134600000000013
60000 8.859599999999993
60100 9.108200000000004
60200 9.214800000000004
60300 9.208500000000008
60400 9.199800000000003
60500 9.166500000000006
60600 9.151400000000017
60700 9.173200000000001
60800 9.394200000000005
60900 9.429400000000008
61000 9.714300000000001
61100 9.629900000000013
61200 9.974600000000002
61300 9.573299999999996
61400 9.641600000000004
61500 9.58870000000001
61600 9.68630000000001
61700 9.927500000000002
61800 9.774000000000008
61900 9.938300000000005
62000 9.85540000000001
62100 9.759900000000009
62200 9.791899999999991
62300 10.065400000000004
62400 9.93330000000001
62500 9.968100000000014
62600 9.933900000000015
62700 9.913500000000006
62800 10.238600000000012
62900 10.260300000000008
63000 10.418
63100 10.402700000000003
63200 10.570200000000021
63300 10.647400000000012
63400 10.459500000000013
63500 10.696199999999997
63600 10.817200000000007
63700 10.865600000000022
63800 10.862000000000002
63900 11.141900000000014
64000 11.115600000000008
64100 11.139500000000005
64200 11.229900000000008
64300 11.220600000000012
64400 11.479200000000013
64500 11.350200000000008
64600 11.576500000000003
64700 11.52750000000001
64800 11.610599999999998
64900 11.736900000000013
65000 11.864300000000007
65100 11.991300000000003
65200 12.144200000000005
65300 12.1783
65400 12.434000000000019
65500 12.42120000000002
65600 12.623900000000013
65700 12.874700000000011
65800 12.9454
65900 13.187900000000006
66000 13.255500000000005
66100 13.436800000000012
66200 13.656200000000005
66300 13.977600000000002
66400 13.910899999999991
66500 14.022000000000013
66600 14.2498
66700 14.41920000000001
66800 14.834200000000003
66900 15.024700000000017
67000 15.125400000000006
67100 15.3016
67200 15.500400000000006
67300 15.725299999999997
67400 16.05100000000001
67500 16.155400000000007
67600 16.31590000000002
67700 16.12470000000001
67800 16.68060000000002
67900 16.757100000000015
68000 16.7344
68100 17.341400000000014
68200 17.3859
68300 17.532100000000007
68400 17.696500000000007
68500 17.6436
68600 17.674800000000012
68700 17.82670000000001
68800 17.981100000000005
68900 17.923300000000005
69000 18.013600000000004
69100 18.149300000000004
69200 18.311
69300 18.215899999999998
69400 18.3435
69500 18.378499999999995
69600 18.452199999999998
69700 18.314
69800 18.528000000000013
69900 18.410900000000005
70000 18.319700000000005
70100 18.441200000000002
70200 18.294499999999992
70300 18.22180000000001
70400 18.48940000000001
70500 18.175900000000006
70600 18.15500000000001
70700 18.509600000000013
70800 18.204
70900 18.3367
71000 18.388300000000008
71100 18.4172
71200 18.548000000000023
71300 18.503000000000007
71400 18.6226
71500 18.575499999999998
71600 18.7459
71700 18.913400000000003
71800 18.674
71900 18.80660000000001
72000 18.960200000000007
72100 19.024600000000014
72200 18.9754
72300 19.121400000000015
72400 19.3778
72500 19.423700000000004
72600 19.349100000000014
72700 19.521499999999996
72800 19.576900000000002
72900 19.961800000000004
73000 19.89690000000001
73100 19.777300000000004
73200 19.869899999999994
73300 19.920400000000008
73400 20.050800000000002
73500 20.326000000000015
73600 20.314400000000013
73700 20.65850000000001
73800 20.51710000000002
73900 20.621800000000015
74000 20.66400000000001
74100 20.600000000000016
74200 20.627100000000006
74300 20.569800000000008
74400 20.973600000000012
74500 20.97100000000001
74600 20.836000000000006
74700 20.9189
74800 20.914700000000003
74900 20.947899999999997
75000 20.850500000000004
75100 21.051399999999994
75200 21.09730000000001
75300 21.17350000000001
75400 20.992900000000013
75500 21.07370000000001
75600 21.21280000000001
75700 21.0327
75800 20.86140000000001
75900 21.388799999999996
76000 21.2566
76100 21.1697
76200 21.288100000000007
76300 21.323900000000016
76400 21.376300000000008
76500 21.492600000000003
76600 21.512400000000007
76700 21.593399999999995
76800 21.5456
76900 21.835599999999992
77000 21.79670000000001
77100 21.802900000000015
77200 21.708199999999998
77300 21.68540000000001
77400 21.862000000000016
77500 21.908800000000006
77600 21.582199999999993
77700 21.914499999999997
77800 21.95390000000001
77900 21.825100000000013
78000 21.992200000000018
78100 21.979600000000012
78200 22.02910000000002
78300 21.9146
78400 21.989699999999992
78500 22.04720000000001
78600 22.226900000000022
78700 22.20630000000002
78800 22.18830000000002
78900 22.096200000000003
79000 22.33440000000001
79100 22.31080000000002
79200 22.368800000000014
79300 22.339500000000008
79400 22.34980000000001
79500 22.468200000000003
79600 22.571999999999996
79700 22.47480000000001
79800 22.809800000000017
79900 22.51760000000001
80000 22.616499999999995
80100 22.381700000000016
80200 22.588200000000008
80300 22.4827
80400 22.61780000000001
80500 22.711300000000016
80600 22.713600000000007
80700 22.65890000000001
80800 22.7828
80900 22.773800000000016
81000 22.6492
81100 22.839800000000018
81200 22.928099999999993
81300 22.843200000000003
81400 23.009200000000014
81500 23.045399999999994
81600 22.866800000000005
81700 23.016900000000014
81800 23.183500000000002
81900 23.227700000000006
82000 23.275100000000002
82100 23.209500000000013
82200 23.18800000000001
82300 23.461800000000004
82400 23.264400000000016
82500 23.233799999999995
82600 23.356100000000005
82700 23.3474
82800 23.7194
82900 23.642700000000012
83000 23.67630000000002
83100 23.64470000000002
83200 23.7134
83300 23.911300000000004
83400 23.8478
83500 23.63490000000001
83600 23.6719
83700 23.889300000000013
83800 23.59810000000001
83900 23.9685
84000 23.694800000000008
84100 23.781
84200 23.773900000000005
84300 23.815000000000005
84400 23.530499999999996
84500 23.81940000000001
84600 23.867300000000007
84700 23.886500000000005
84800 24.210400000000014
84900 24.118200000000023
85000 24.1295
85100 24.397000000000013
85200 24.020600000000023
85300 24.31070000000002
85400 24.2177
85500 24.2421
85600 24.399700000000003
85700 24.542600000000014
85800 24.460100000000004
85900 24.435600000000015
86000 24.365100000000005
86100 24.736300000000007
86200 24.299100000000003
86300 24.30020000000001
86400 24.543500000000016
86500 24.43370000000001
86600 24.422000000000004
86700 24.34980000000001
86800 24.629100000000015
86900 24.446700000000014
87000 24.552500000000002
87100 24.725800000000014
87200 24.636700000000012
87300 24.66880000000001
87400 24.8281
87500 24.825100000000013
87600 24.85010000000002
87700 24.862800000000014
87800 24.8564
87900 24.98720000000001
88000 24.974600000000002
88100 25.070500000000003
88200 25.11900000000002
88300 25.1933
88400 25.049799999999998
88500 25.211800000000004
88600 25.225500000000004
88700 25.124800000000015
88800 25.2699
88900 25.192
89000 25.25910000000001
89100 25.309500000000007
89200 25.17000000000001
89300 25.328500000000012
89400 25.604300000000002
89500 25.595400000000005
89600 25.480700000000006
89700 25.5165
89800 25.53520000000001
89900 25.601600000000012
90000 25.550300000000014
90100 25.631099999999996
90200 25.60960000000002
90300 25.611299999999993
90400 25.802000000000014
90500 25.5713
90600 25.662699999999994
90700 25.80830000000001
90800 25.667300000000004
90900 25.818500000000007
91000 26.0062
91100 25.79760000000001
91200 25.868800000000014
91300 25.880100000000006
91400 25.993999999999993
91500 26.0272
91600 26.097500000000004
91700 26.344200000000008
91800 26.252400000000016
91900 26.28650000000001
92000 26.061800000000027
92100 26.211499999999994
92200 25.940500000000007
92300 26.115400000000015
92400 26.3076
92500 26.447100000000027
92600 26.410199999999996
92700 26.4377
92800 26.31330000000002
92900 26.412600000000005
93000 26.48770000000001
93100 26.53130000000001
93200 26.661899999999996
93300 26.638799999999996
93400 26.826299999999996
93500 26.659299999999995
93600 26.413499999999992
93700 26.6732
93800 26.708599999999997
93900 26.867500000000014
94000 26.76620000000002
94100 26.79750000000002
94200 26.80150000000001
94300 26.638699999999993
94400 26.5593
94500 26.78760000000002
94600 27.11549999999999
94700 27.217000000000006
94800 27.11640000000002
94900 26.95640000000001
95000 27.178400000000003
95100 27.200399999999995
95200 27.13520000000002
95300 27.351099999999995
95400 27.072800000000022
95500 27.204100000000004
95600 27.239800000000024
95700 27.2395
95800 27.511500000000005
95900 27.643600000000013
96000 27.47419999999999
96100 27.36910000000001
96200 27.598800000000004
96300 27.549100000000003
96400 27.74989999999999
96500 27.533000000000023
96600 27.59550000000001
96700 27.577899999999993
96800 27.558400000000013
96900 27.77790000000001
97000 27.6543
97100 27.671299999999995
97200 27.965800000000023
97300 28.192200000000007
97400 27.917300000000004
97500 27.81330000000002
97600 27.727600000000002
97700 27.902800000000006
97800 27.93200000000001
97900 27.875400000000006
98000 27.667200000000015
98100 27.98550000000001
98200 27.87829999999999
98300 28.019200000000005
98400 27.80000000000002
98500 27.99200000000001
98600 27.972900000000003
98700 28.151699999999998
98800 28.207000000000015
98900 28.07410000000001
99000 28.203200000000002
99100 28.34260000000001
99200 28.444200000000016
99300 28.761300000000013
99400 28.3842
99500 28.39480000000001
99600 28.34500000000002
99700 28.362200000000023
99800 28.48789999999999
99900 28.5464
100000 28.498400000000025
100100 28.655600000000014
100200 28.463200000000008
100300 28.709900000000026
100400 28.59579999999999
100500 28.633000000000003
100600 28.75249999999999
100700 28.559700000000014
100800 28.631399999999992
100900 29.112900000000003
101000 28.708800000000018
101100 29.219500000000004
101200 28.864200000000004
101300 28.8855
101400 29.108100000000015
101500 28.97980000000002
101600 29.368600000000008
101700 29.027800000000006
101800 28.9818
101900 29.13949999999999
102000 29.152199999999986
102100 29.144200000000005
102200 29.192100000000003
102300 29.2862
102400 29.297700000000013
102500 29.062000000000005
102600 29.286300000000004
102700 29.252299999999998
102800 29.436800000000027
102900 29.448900000000002
103000 29.349600000000002
103100 29.632300000000008
103200 29.653399999999998
103300 29.692700000000023
103400 29.611299999999993
103500 29.69690000000002
103600 29.664600000000014
103700 29.895500000000006
103800 29.71710000000001
103900 29.814299999999996
104000 29.886400000000002
104100 29.83900000000002
104200 29.803599999999996
104300 29.9257
104400 29.88350000000002
104500 29.990300000000012
104600 30.265600000000013
104700 30.179600000000015
104800 30.214900000000007
104900 30.2588
105000 29.971799999999995
105100 30.128200000000014
105200 30.416099999999993
105300 30.0053
105400 30.3688
105500 30.249199999999995
105600 30.321100000000023
105700 30.2605
105800 30.323
105900 30.51930000000001
106000 30.52390000000002
106100 30.565500000000007
106200 30.664300000000004
106300 30.51960000000002
106400 30.476100000000024
106500 30.51120000000001
106600 30.3089
106700 30.617700000000006
106800 30.563500000000026
106900 30.5336
107000 30.570000000000014
107100 30.80740000000001
107200 30.702900000000007
107300 30.565900000000006
107400 30.641
107500 30.954599999999992
107600 30.772200000000005
107700 30.75000000000002
107800 30.97870000000001
107900 31.090200000000017
108000 30.8744
108100 31.12890000000001
108200 31.135099999999987
108300 31.00589999999999
108400 31.15749999999999
108500 31.05220000000002
108600 30.9737
108700 31.07490000000002
108800 31.26040000000001
108900 31.390500000000024
109000 31.403600000000004
109100 31.4916
109200 31.334899999999998
109300 31.643900000000023
109400 31.56409999999999
109500 31.71479999999999
109600 31.488699999999987
109700 31.589999999999996
109800 31.788900000000005
109900 31.774899999999995
110000 31.833899999999993
110100 31.48750000000002
110200 31.69950000000002
110300 31.74370000000001
110400 32.02220000000002
110500 31.854000000000006
110600 31.652099999999997
110700 31.646700000000003
110800 31.830900000000007
110900 32.012899999999995
111000 31.934199999999997
111100 31.807899999999997
111200 32.02340000000002
111300 31.87580000000002
111400 31.87580000000002
111500 32.143499999999996
111600 31.877500000000005
111700 31.901699999999998
111800 32.00450000000003
111900 31.96970000000001
112000 32.15040000000001
112100 32.1303
112200 32.21439999999999
112300 32.317699999999995
112400 32.227
112500 32.47750000000001
112600 32.33160000000003
112700 32.53390000000001
112800 32.359700000000025
112900 32.39900000000001
113000 32.43930000000001
113100 32.607099999999996
113200 32.514800000000015
113300 32.644800000000025
113400 32.588
113500 32.57
113600 32.59899999999998
113700 32.71359999999999
113800 32.66940000000002
113900 32.86180000000001
114000 32.968399999999995
114100 32.829699999999995
114200 33.062300000000015
114300 33.04869999999999
114400 32.6869
114500 32.982300000000016
114600 32.799200000000006
114700 33.00140000000001
114800 32.99139999999999
114900 32.997499999999995
115000 32.99050000000002
115100 33.2733
115200 33.2588
115300 33.20090000000001
115400 33.13060000000001
115500 33.3829
115600 33.25390000000001
115700 33.21290000000001
115800 33.236799999999995
115900 33.098000000000006
116000 33.251800000000024
116100 33.40420000000001
116200 33.40470000000001
116300 33.43940000000001
116400 33.54780000000002
116500 33.5174
116600 33.37290000000001
116700 33.64810000000002
116800 33.67680000000001
116900 33.927299999999995
117000 33.67680000000002
117100 33.698100000000004
117200 33.99620000000001
117300 33.811
117400 33.982700000000015
117500 33.7502
117600 33.77430000000002
117700 33.924
117800 34.053300000000014
117900 34.14720000000002
118000 34.116899999999994
118100 34.43890000000001
118200 34.250099999999996
118300 34.23120000000002
118400 34.3659
118500 34.170300000000005
118600 34.4839
118700 34.18670000000001
118800 34.21760000000001
118900 34.1351
119000 34.01720000000001
119100 34.28610000000001
119200 34.36860000000001
119300 34.48450000000002
119400 34.47400000000001
119500 34.76620000000002
119600 34.6403
119700 34.67710000000002
119800 34.59890000000001
119900 34.701900000000016
120000 34.606500000000004
120100 34.572900000000025
120200 34.610499999999995
120300 34.795399999999994
120400 35.0773
120500 34.66020000000001
120600 34.7382
120700 34.578700000000005
120800 34.925999999999995
120900 34.74220000000002
121000 34.8375
121100 35.022500000000015
121200 35.0789
121300 34.7969
121400 35.18219999999999
121500 34.85690000000002
121600 34.840399999999995
121700 35.136900000000004
121800 35.06780000000003
121900 35.11700000000001
122000 35.131400000000006
122100 35.122200000000014
122200 35.12969999999999
122300 35.36830000000001
122400 35.14470000000002
122500 35.22660000000001
122600 35.360800000000005
122700 35.336099999999995
122800 35.39340000000001
122900 35.58550000000002
123000 35.619400000000006
123100 35.56149999999999
123200 35.6538
123300 35.68659999999999
123400 35.72659999999998
123500 35.541699999999985
123600 35.8222
123700 35.76630000000001
123800 35.766299999999994
123900 36.00000000000002
124000 35.99890000000001
124100 35.90550000000001
124200 35.9968
124300 35.8436
124400 36.02410000000001
124500 36.1488
124600 35.797999999999995
124700 36.01540000000001
124800 35.97520000000001
124900 36.2057
125000 35.96030000000001
125100 36.14640000000002
125200 35.756400000000006
125300 36.04300000000001
125400 36.062900000000006
125500 36.09470000000001
125600 36.12400000000002
125700 36.1128
125800 36.0884
125900 36.265200000000014
126000 36.22089999999999
126100 36.28100000000003
126200 36.37170000000001
126300 36.561699999999995
126400 36.45370000000002
126500 36.63460000000003
126600 36.8419
126700 36.82300000000003
126800 36.957600000000006
126900 36.89010000000001
127000 36.79360000000002
127100 36.90880000000001
127200 36.83040000000002
127300 36.925000000000004
127400 36.877500000000005
127500 37.02650000000002
127600 37.0671
127700 37.07530000000002
127800 37.2443
127900 37.092199999999984
128000 36.97259999999999
128100 37.28239999999999
128200 37.23120000000001
128300 37.18829999999999
128400 36.8927
128500 36.91660000000001
128600 37.2066
128700 37.108100000000015
128800 37.43410000000001
128900 37.31969999999999
129000 37.282500000000006
129100 37.35330000000001
129200 37.41679999999999
129300 37.37240000000002
129400 37.419600000000024
129500 37.294000000000004
129600 37.3855
129700 37.44060000000001
129800 37.3727
129900 37.50830000000001
130000 37.850500000000004
130100 37.78379999999999
130200 37.691499999999984
130300 37.899200000000015
130400 37.78690000000001
130500 38.01990000000003
130600 37.995200000000004
130700 37.77300000000002
130800 37.8765
130900 38.16060000000001
131000 38.04270000000002
131100 37.8919
131200 37.898500000000006
131300 37.914600000000014
131400 38.086099999999995
131500 38.104000000000006
131600 37.98530000000002
131700 38.26960000000002
131800 37.976800000000004
131900 38.26330000000001
132000 38.128200000000014
132100 38.19250000000002
132200 38.2383
132300 38.20340000000001
132400 38.37760000000002
132500 38.4729
132600 38.55380000000002
132700 38.26670000000001
132800 38.511500000000005
132900 38.52840000000001
133000 38.457000000000015
133100 38.3897
133200 38.582100000000004
133300 38.46890000000001
133400 38.78329999999999
133500 38.726499999999994
133600 38.7057
133700 38.7793
133800 39.0704
133900 38.8679
134000 38.67990000000001
134100 38.960100000000004
134200 38.85350000000002
134300 38.98359999999999
134400 38.84080000000001
134500 38.96370000000001
134600 39.070699999999995
134700 39.10390000000002
134800 39.14600000000001
134900 39.15800000000001
135000 39.32269999999999
135100 39.1398
135200 39.02710000000001
135300 39.379400000000025
135400 39.237799999999986
135500 39.18370000000001
135600 39.15630000000001
135700 39.2931
135800 39.53420000000002
135900 39.18620000000001
136000 39.27630000000001
136100 39.2764
136200 39.132799999999996
136300 39.28330000000002
136400 39.010900000000014
136500 39.204699999999995
136600 38.99559999999999
136700 39.30910000000002
136800 39.47400000000001
136900 39.30859999999999
137000 39.606100000000005
137100 39.51600000000001
137200 39.46320000000001
137300 39.70140000000003
137400 39.78760000000002
137500 39.78390000000001
137600 39.76959999999999
137700 39.72000000000002
137800 40.2262
137900 40.1162
138000 39.9493
138100 40.00520000000001
138200 40.27820000000002
138300 40.02740000000002
138400 40.35800000000001
138500 39.98019999999999
138600 40.34990000000001
138700 40.251200000000004
138800 40.344300000000025
138900 40.41859999999999
139000 40.64700000000001
139100 40.35180000000002
139200 40.708400000000005
139300 40.6517
139400 40.43540000000001
139500 40.6872
139600 40.65270000000002
139700 40.7913
139800 40.75430000000002
139900 40.65270000000002
140000 40.79609999999999
140100 40.5995
140200 40.65040000000001
140300 40.60960000000002
140400 40.436299999999996
140500 40.70430000000001
140600 40.66949999999999
140700 40.84489999999999
140800 40.95879999999999
140900 40.8727
141000 40.7841
141100 40.85270000000002
141200 40.904599999999995
141300 41.06330000000002
141400 40.92520000000001
141500 40.74389999999999
141600 40.800900000000006
141700 41.07230000000002
141800 41.13169999999999
141900 41.264599999999994
142000 40.9715
142100 41.1645
142200 41.347100000000005
142300 41.29540000000002
142400 41.417300000000004
142500 41.39590000000002
142600 41.66140000000001
142700 41.24290000000001
142800 41.50910000000001
142900 41.62300000000001
143000 41.6741
143100 41.662
143200 41.46590000000001
143300 41.528
143400 41.590000000000025
143500 41.4715
143600 41.755900000000004
143700 41.760200000000005
143800 41.5276
143900 41.61899999999999
144000 41.87640000000001
144100 41.7824
144200 41.67470000000001
144300 41.70250000000001
144400 41.81980000000001
144500 41.835
144600 41.858799999999995
144700 42.216100000000004
144800 42.094400000000014
144900 42.256700000000016
145000 42.29300000000003
145100 42.19410000000001
145200 42.31700000000003
145300 42.28190000000003
145400 42.43980000000001
145500 42.517900000000004
145600 42.416900000000005
145700 42.234
145800 42.23970000000002
145900 42.63240000000001
146000 42.3161
146100 42.382200000000005
146200 42.428999999999995
146300 42.561699999999995
146400 42.42270000000001
146500 42.38320000000001
146600 42.5576
146700 42.662699999999994
146800 42.67850000000001
146900 42.47220000000001
147000 42.59040000000001
147100 42.6782
147200 42.5662
147300 42.98650000000003
147400 42.74320000000001
147500 42.869099999999996
147600 42.97860000000002
147700 42.931599999999996
147800 42.728100000000005
147900 42.8324
148000 42.87560000000001
148100 42.90840000000002
148200 43.02610000000001
148300 42.9801
148400 43.00560000000001
148500 43.30690000000002
148600 43.20980000000001
148700 43.19639999999999
148800 43.209700000000005
148900 43.07489999999999
149000 43.34810000000001
149100 43.391600000000004
149200 43.620000000000026
149300 43.52840000000001
149400 43.6792
149500 43.56270000000003
149600 43.69600000000002
149700 43.72310000000001
149800 43.744899999999994
149900 43.47639999999999
150000 43.68890000000001
150100 43.59050000000001
150200 43.45240000000002
150300 43.6782
150400 43.461000000000006
150500 43.6115
150600 43.42850000000002
150700 43.6527
150800 43.6641
150900 43.75000000000002
151000 43.8354
151100 43.659299999999995
151200 43.84380000000001
151300 43.806400000000004
151400 43.83120000000002
151500 44.10529999999999
151600 44.049600000000005
151700 44.03730000000001
151800 43.9929
151900 44.25760000000002
152000 44.0421
152100 44.21910000000002
152200 44.2974
152300 44.42690000000001
152400 44.482899999999994
152500 44.277800000000006
152600 44.56839999999999
152700 44.480399999999996
152800 44.54280000000002
152900 44.45520000000001
153000 44.74229999999999
153100 44.3024
153200 44.69780000000002
153300 44.55020000000001
153400 44.608200000000004
153500 44.52800000000001
153600 44.6681
153700 44.67010000000001
153800 44.7417
153900 44.69230000000001
154000 44.59550000000001
154100 45.015800000000006
154200 44.85320000000001
154300 44.70610000000001
154400 44.947600000000016
154500 45.081700000000005
154600 44.96359999999999
154700 45.057700000000004
154800 45.0319
154900 45.1694
155000 45.11720000000002
155100 45.18960000000002
155200 45.1334
155300 44.992099999999986
155400 45.1158
155500 45.44429999999999
155600 45.2844
155700 45.23820000000003
155800 45.32980000000003
155900 45.144600000000004
156000 45.347400000000015
156100 45.40829999999999
156200 45.45029999999999
156300 45.44040000000002
156400 45.3239
156500 45.45710000000002
156600 45.50270000000001
156700 45.54590000000001
156800 45.4917
156900 45.8735
157000 45.694399999999995
157100 45.78640000000001
157200 45.6056
157300 45.775200000000005
157400 45.8127
157500 45.658200000000015
157600 45.779200000000024
157700 45.9205
157800 46.02450000000001
157900 45.834300000000006
158000 45.91939999999999
158100 45.870200000000004
158200 46.173200000000016
158300 46.025500000000015
158400 46.0177
158500 46.25560000000001
158600 46.5842
158700 46.336300000000016
158800 46.47050000000001
158900 46.327400000000004
159000 46.53910000000001
159100 46.4026
159200 46.569600000000015
159300 46.47620000000001
159400 46.40400000000002
159500 46.2844
159600 46.3462
159700 46.430200000000006
159800 46.62730000000001
159900 46.56990000000001
160000 46.605799999999995
160100 46.357099999999996
