10100 0.0
10200 -0.04189999999999827
10300 0.24540000000000362
10400 0.20830000000000837
10500 0.21930000000000405
10600 0.10940000000000794
10700 0.09380000000000877
10800 -0.03329999999998989
10900 0.13240000000000407
11000 0.19050000000000722
11100 0.2758000000000109
11200 0.2768000000000157
11300 0.22750000000000625
11400 0.13980000000000814
11500 0.22860000000001435
11600 0.17820000000001102
11700 0.17420000000000613
11800 0.36890000000001066
11900 0.21100000000001273
12000 0.6308000000000007
12100 0.6709999999999994
12200 0.6816000000000031
12300 0.7011000000000109
12400 0.7801000000000116
12500 0.724800000000009
12600 0.8071000000000055
12700 0.8213000000000079
12800 0.8605000000000089
12900 0.7256000000000142
13000 0.8434000000000026
13100 0.7669000000000139
13200 0.9792000000000058
13300 1.088000000000008
13400 0.8871000000000038
13500 0.9057000000000031
13600 0.7155000000000129
13700 0.9683000000000135
13800 0.9598000000000155
13900 0.7701000000000064
14000 0.890100000000011
14100 0.7763000000000062
14200 0.8842000000000141
14300 0.9355000000000118
14400 0.889800000000001
14500 0.8436000000000021
14600 0.8440000000000083
14700 0.9639000000000024
14800 1.0762
14900 0.9326000000000079
15000 0.8160000000000096
15100 0.948599999999999
15200 1.0393000000000043
15300 1.0483000000000047
15400 1.194500000000005
15500 1.1474000000000046
15600 0.9765000000000086
15700 1.0767000000000095
15800 1.267400000000002
15900 1.0878000000000156
16000 1.4765000000000086
16100 1.4129000000000147
16200 1.4859000000000009
16300 1.5956000000000117
16400 1.5594000000000037
16500 1.5184000000000069
16600 1.6961000000000155
16700 1.4149000000000171
16800 1.374600000000008
16900 1.4915000000000092
17000 1.4765000000000086
17100 1.558400000000013
17200 1.6132000000000133
17300 1.67860000000001
17400 1.8651000000000053
17500 1.8157000000000068
17600 1.6997
17700 1.5725000000000051
17800 1.618000000000002
17900 1.650500000000008
18000 1.7312000000000154
18100 1.6489000000000047
18200 1.6777000000000086
18300 1.6448000000000107
18400 1.7846000000000046
18500 1.734099999999998
18600 1.7464000000000084
18700 1.8627000000000038
18800 1.7242999999999995
18900 1.775500000000008
19000 1.750399999999999
19100 1.7425000000000068
19200 1.783900000000017
19300 1.750700000000002
19400 1.8774000000000086
19500 1.8703000000000074
19600 1.9237000000000108
19700 1.8499000000000052
19800 2.0723000000000056
19900 1.8099000000000132
20000 1.765800000000013
20100 1.7845000000000013
20200 1.8762000000000043
20300 1.9159000000000006
20400 2.1130000000000067
20500 1.8425000000000082
20600 1.875000000000007
20700 1.938200000000009
20800 2.1706000000000145
20900 2.0335000000000036
21000 2.09790000000001
21100 1.9257000000000133
21200 2.2654000000000067
21300 2.350600000000007
21400 2.1480000000000032
21500 2.277400000000007
21600 2.194800000000008
21700 2.1688000000000116
21800 2.2542000000000044
21900 2.3119000000000156
22000 2.2627000000000024
22100 2.3833000000000126
22200 2.3630000000000138
22300 2.386500000000005
22400 2.387100000000011
22500 2.4562000000000026
22600 2.3396000000000114
22700 2.3588000000000093
22800 2.4555000000000007
22900 2.508900000000004
23000 2.7190000000000083
23100 2.397100000000009
23200 2.289500000000004
23300 2.4336000000000055
23400 2.3475000000000037
23500 2.639800000000008
23600 2.4701000000000093
23700 2.383800000000008
23800 2.5102000000000046
23900 2.3755000000000024
24000 2.600500000000004
24100 2.49730000000001
24200 2.5586000000000126
24300 2.491100000000003
24400 2.6654000000000053
24500 2.417500000000011
24600 2.6535000000000153
24700 2.678900000000013
24800 2.8211000000000084
24900 2.589000000000013
25000 2.421600000000012
25100 2.8242000000000047
25200 2.6957000000000093
25300 2.7915000000000063
25400 2.866400000000006
25500 2.6034000000000077
25600 2.822100000000006
25700 2.7642000000000024
25800 2.634600000000013
25900 2.777000000000008
26000 2.7783000000000158
26100 2.780200000000015
26200 2.994800000000012
26300 2.7357999999999976
26400 2.9069000000000145
26500 2.8774000000000086
26600 2.995200000000011
26700 2.992200000000011
26800 2.988400000000013
26900 2.9961000000000055
27000 2.910100000000007
27100 2.967800000000011
27200 2.833200000000005
27300 3.0375000000000085
27400 2.912000000000006
27500 3.076100000000011
27600 3.1550000000000153
27700 3.2360000000000113
27800 3.055400000000006
27900 3.316600000000001
28000 3.0411000000000143
28100 3.194100000000006
28200 3.2150000000000105
28300 3.1295000000000073
28400 2.9817000000000107
28500 3.1858000000000146
28600 3.072500000000005
28700 3.1892000000000067
28800 3.176000000000009
28900 3.180800000000012
29000 3.1857000000000113
29100 3.286200000000008
29200 3.0630000000000095
29300 3.055500000000009
29400 2.9829000000000008
29500 3.290700000000008
29600 3.348000000000006
29700 3.503000000000007
29800 3.3829000000000136
29900 3.3766999999999996
30000 3.317700000000009
30100 3.1691000000000145
30200 3.441800000000015
30300 3.1293000000000006
30400 3.274300000000011
30500 3.43630000000001
30600 3.476300000000009
30700 3.345000000000013
30800 3.4314000000000107
30900 3.4170000000000087
31000 3.11610000000001
31100 3.340500000000013
31200 3.4261000000000124
31300 3.357500000000009
31400 3.619400000000006
31500 3.369700000000009
31600 3.4610000000000127
31700 3.564799999999998
31800 3.5094000000000065
31900 3.3478000000000065
32000 3.4464000000000112
32100 3.3519000000000077
32200 3.5933000000000135
32300 3.5243000000000038
32400 3.313200000000016
32500 3.4442000000000093
32600 3.5649000000000086
32700 3.4675000000000082
32800 3.4454000000000065
32900 3.5146000000000015
33000 3.568300000000008
33100 3.6033000000000115
33200 3.5541000000000125
33300 3.4128000000000043
33400 3.3442000000000007
33500 3.5249000000000166
33600 3.4764000000000124
33700 3.308500000000002
33800 3.3596000000000075
33900 3.230000000000004
34000 3.243300000000012
34100 3.1171000000000006
34200 3.033600000000007
34300 3.045500000000011
34400 3.265900000000009
34500 2.920000000000009
34600 2.944900000000004
34700 3.2161000000000044
34800 2.9050000000000082
34900 2.83420000000001
35000 3.173000000000009
35100 3.1981000000000037
35200 3.0742000000000047
35300 3.2276000000000096
35400 3.0782000000000096
35500 3.056900000000013
35600 3.3519000000000005
35700 3.185700000000004
35800 3.015800000000013
35900 3.119800000000005
36000 3.313200000000009
36100 3.5208000000000013
36200 3.6019000000000148
36300 3.6059000000000125
36400 3.7383999999999986
36500 3.862000000000002
36600 3.7756000000000114
36700 3.6509000000000142
36800 3.8352000000000075
36900 3.9369999999999976
37000 3.8519000000000077
37100 3.888300000000008
37200 3.859700000000018
37300 3.829800000000006
37400 3.8792000000000115
37500 4.105700000000013
37600 4.235700000000001
37700 4.189900000000009
37800 4.396200000000007
37900 4.5090000000000074
38000 4.408000000000001
38100 4.635300000000015
38200 4.779200000000003
38300 4.810600000000008
38400 4.939600000000013
38500 4.95150000000001
38600 4.944200000000009
38700 4.897500000000008
38800 4.943400000000011
38900 5.061100000000003
39000 4.9894000000000105
39100 4.900000000000013
39200 5.049400000000013
39300 4.778800000000011
39400 5.0212000000000145
39500 4.6089000000000055
39600 4.984000000000009
39700 4.7638000000000105
39800 4.685100000000013
39900 4.845600000000005
40000 4.7898
40100 4.540000000000006
40200 4.64650000000001
40300 4.739200000000011
40400 4.696000000000005
40500 5.031800000000011
40600 4.907600000000009
40700 4.761500000000005
40800 4.800500000000014
40900 4.8919
41000 4.815400000000004
41100 5.040800000000004
41200 4.991700000000002
41300 4.858200000000004
41400 4.918500000000002
41500 4.913900000000005
41600 5.064200000000014
41700 4.966800000000013
41800 5.000700000000002
41900 4.901300000000013
42000 4.888700000000007
42100 5.149400000000007
42200 5.0656000000000105
42300 5.186700000000016
42400 5.168900000000015
42500 4.906199999999998
42600 5.100100000000012
42700 5.066800000000008
42800 5.1747000000000085
42900 5.108200000000004
43000 5.18610000000001
43100 5.1910000000000025
43200 5.131700000000002
43300 5.258900000000011
43400 5.264800000000008
43500 5.27300000000001
43600 5.19100000000001
43700 5.349100000000014
43800 5.285900000000005
43900 5.414600000000014
44000 5.558500000000009
44100 5.700400000000009
44200 5.860600000000012
44300 5.788500000000013
44400 5.944000000000003
44500 5.834700000000012
44600 5.445400000000014
44700 5.714900000000007
44800 5.858700000000013
44900 5.897300000000001
45000 5.838900000000017
45100 5.830200000000005
45200 5.741200000000006
45300 5.770600000000002
45400 5.725300000000004
45500 5.879100000000008
45600 5.948900000000009
45700 5.98960000000001
45800 5.71200000000001
45900 5.933900000000001
46000 5.955200000000005
46100 5.685900000000011
46200 5.959700000000005
46300 5.929700000000004
46400 6.0184
46500 5.570700000000002
46600 5.658200000000008
46700 5.872399999999999
46800 5.797000000000011
46900 5.605000000000004
47000 5.805500000000002
47100 5.748400000000004
47200 6.180700000000009
47300 6.091300000000011
47400 5.775000000000006
47500 6.023800000000016
47600 6.078500000000005
47700 5.852700000000006
47800 5.938600000000008
47900 5.973100000000009
48000 6.2039000000000115
48100 6.222600000000007
48200 6.243900000000011
48300 6.149000000000008
48400 6.2894000000000005
48500 6.25650000000001
48600 6.276000000000003
48700 6.496200000000023
48800 6.373400000000004
48900 6.597299999999997
49000 6.761500000000019
49100 6.56130000000001
49200 6.652300000000004
49300 6.7235000000000085
49400 6.673800000000007
49500 6.6665000000000205
49600 6.816500000000012
49700 6.82030000000001
49800 6.839300000000016
49900 7.104300000000002
50000 6.881599999999999
50100 6.771700000000017
50200 6.982900000000008
50300 6.97440000000001
50400 6.8711000000000055
50500 6.758500000000005
50600 6.965900000000012
50700 6.694700000000019
50800 6.601599999999998
50900 6.864900000000013
51000 7.006300000000017
51100 6.702000000000005
51200 6.892800000000001
51300 7.059200000000011
51400 6.864100000000015
51500 6.960500000000003
51600 6.871900000000004
51700 6.941800000000008
51800 7.289400000000008
51900 6.973300000000002
52000 7.193900000000021
52100 7.27450000000001
52200 7.237100000000005
52300 7.343100000000014
52400 7.425999999999995
52500 7.278000000000013
52600 7.427500000000016
52700 7.2923999999999936
52800 7.474600000000002
52900 7.563200000000002
53000 7.286700000000003
53100 7.481200000000008
53200 7.473400000000005
53300 7.256300000000003
53400 7.458499999999994
53500 7.366999999999997
53600 7.412299999999995
53700 7.2261000000000095
53800 7.261200000000009
53900 7.436500000000002
54000 7.409900000000015
54100 7.208900000000007
54200 7.314000000000014
54300 7.37110000000002
54400 7.552500000000016
54500 7.627800000000015
54600 7.7475999999999985
54700 7.735700000000016
54800 7.850600000000021
54900 7.788300000000014
55000 7.818300000000001
55100 7.985800000000005
55200 7.971500000000013
55300 7.911800000000007
55400 8.216800000000013
55500 7.996000000000002
55600 8.11740000000001
55700 8.108700000000006
55800 8.043400000000013
55900 8.357300000000002
56000 8.182899999999997
56100 8.107800000000005
56200 8.154599999999995
56300 8.219400000000014
56400 8.384600000000013
56500 8.263900000000014
56600 8.44830000000001
56700 8.376300000000008
56800 8.432099999999998
56900 8.41220000000002
57000 8.384400000000007
57100 8.3611
57200 8.505400000000016
57300 8.793700000000008
57400 8.525600000000004
57500 8.454100000000004
57600 8.57
57700 8.625499999999995
57800 8.537800000000011
57900 8.599500000000013
58000 8.867600000000017
58100 8.761400000000016
58200 8.82630000000001
58300 8.828700000000005
58400 8.963000000000001
58500 8.849200000000003
58600 8.59940000000001
58700 8.836800000000004
58800 8.740400000000001
58900 8.889300000000013
59000 8.895500000000006
59100 8.709300000000006
59200 8.819100000000013
59300 8.72300000000002
59400 8.842800000000018
59500 8.946800000000003
59600 8.890100000000011
59700 8.7438
59800 8.920300000000005
59900 8.853000000000016
60000 9.061800000000012
60100 9.085200000000007
60200 9.044900000000005
60300 9.147500000000015
60400 9.137200000000014
60500 9.051800000000007
60600 9.119200000000014
60700 9.285900000000005
60800 9.531100000000016
60900 9.393300000000018
61000 9.398800000000001
61100 9.629200000000004
61200 9.534000000000013
61300 9.640300000000003
61400 9.817600000000006
61500 9.8046
61600 9.697900000000011
61700 9.743400000000015
61800 9.727600000000002
61900 9.747899999999994
62000 9.728100000000019
62100 9.818000000000005
62200 9.852399999999996
62300 10.003400000000006
62400 9.886700000000012
62500 9.77620000000001
62600 10.099200000000003
62700 10.0272
62800 9.823800000000013
62900 9.931700000000014
63000 9.998300000000008
63100 10.320900000000002
63200 10.301099999999998
63300 10.514700000000012
63400 10.691100000000013
63500 10.26550000000001
63600 10.51980000000001
63700 10.554800000000007
63800 10.789700000000003
63900 10.991300000000003
64000 10.75950000000001
64100 10.872400000000006
64200 11.064799999999998
64300 11.411400000000008
64400 11.262599999999999
64500 11.108000000000011
64600 11.523000000000003
64700 11.355600000000017
64800 11.295100000000012
64900 11.265899999999995
65000 11.50350000000001
65100 11.50610000000001
65200 11.73340000000001
65300 11.923200000000001
65400 11.97100000000001
65500 12.135300000000008
65600 12.124500000000019
65700 12.35710000000001
65800 12.588200000000008
65900 12.591299999999997
66000 12.95730000000001
66100 12.777999999999999
66200 13.155800000000006
66300 13.229800000000019
66400 13.406300000000009
66500 13.358399999999996
66600 13.764400000000002
66700 13.804200000000016
66800 14.258800000000015
66900 14.643000000000008
67000 14.626700000000007
67100 14.670800000000021
67200 14.885799999999996
67300 15.27490000000001
67400 15.499200000000009
67500 15.974800000000023
67600 15.845700000000015
67700 15.94130000000002
67800 16.059400000000004
67900 16.1881
68000 16.424900000000015
68100 16.683100000000017
68200 16.723400000000005
68300 17.047300000000014
68400 16.974799999999995
68500 17.09260000000001
68600 17.330100000000023
68700 17.219600000000007
68800 17.587300000000006
68900 17.520500000000006
69000 17.350100000000005
69100 17.71010000000002
69200 17.89430000000001
69300 17.71360000000002
69400 17.869800000000005
69500 17.871500000000005
69600 17.985900000000008
69700 18.158600000000014
69800 18.1085
69900 17.940100000000008
70000 17.98210000000001
70100 18.136400000000016
70200 17.911700000000003
70300 17.825800000000008
70400 18.02580000000001
70500 18.078600000000016
70600 17.9998
70700 17.972200000000008
70800 17.876100000000015
70900 18.102900000000012
71000 18.18620000000002
71100 18.062700000000014
71200 18.32540000000001
71300 18.112400000000015
71400 18.197200000000016
71500 18.414600000000014
71600 18.461000000000006
71700 18.4827
71800 18.678400000000003
71900 18.661100000000012
72000 18.824999999999996
72100 18.791800000000002
72200 18.9484
72300 18.94140000000001
72400 19.19960000000001
72500 19.16360000000001
72600 19.329299999999996
72700 19.372600000000013
72800 19.5383
72900 19.51550000000001
73000 19.605700000000006
73100 19.910800000000002
73200 19.919000000000004
73300 19.645800000000015
73400 19.98980000000001
73500 20.230600000000017
73600 20.425800000000017
73700 20.259300000000003
73800 20.449800000000018
73900 20.387000000000008
74000 20.61440000000001
74100 20.632900000000014
74200 20.45390000000001
74300 20.654500000000006
74400 20.732000000000006
74500 20.776800000000016
74600 20.76460000000001
74700 20.856800000000014
74800 20.91020000000001
74900 20.80100000000001
75000 20.958200000000012
75100 20.824099999999994
75200 20.94190000000001
75300 20.8037
75400 20.848600000000012
75500 21.067
75600 21.011599999999994
75700 21.16480000000002
75800 21.2738
75900 21.201200000000007
76000 21.035400000000003
76100 21.3166
76200 21.190499999999993
76300 21.140400000000007
76400 21.24440000000002
76500 21.42420000000002
76600 21.505100000000006
76700 21.50520000000001
76800 21.395000000000017
76900 21.50270000000001
77000 21.591299999999997
77100 21.797900000000006
77200 21.572700000000005
77300 21.545300000000005
77400 21.80660000000001
77500 21.72180000000001
77600 21.846200000000003
77700 21.813200000000002
77800 21.999699999999997
77900 21.887800000000006
78000 21.81810000000001
78100 21.998700000000007
78200 21.98900000000001
78300 22.063200000000016
78400 22.024300000000018
78500 22.067500000000003
78600 22.278
78700 22.06810000000001
78800 22.065700000000014
78900 22.145000000000017
79000 22.354900000000008
79100 22.349700000000006
79200 22.164300000000004
79300 22.238600000000012
79400 22.083800000000018
79500 22.1188
79600 22.214599999999997
79700 22.542499999999997
79800 22.320200000000007
79900 22.576400000000014
80000 22.447400000000023
80100 22.353299999999997
80200 22.44830000000001
80300 22.500300000000017
80400 22.668400000000013
80500 22.647100000000002
80600 22.683
80700 22.882000000000012
80800 22.70990000000001
80900 22.667100000000012
81000 22.6505
81100 22.673400000000008
81200 22.792400000000022
81300 22.804499999999997
81400 22.86650000000001
81500 22.932300000000005
81600 22.94640000000002
81700 23.14560000000001
81800 22.855799999999995
81900 22.8166
82000 23.11650000000001
82100 22.817199999999993
82200 23.348400000000005
82300 23.344800000000014
82400 23.100200000000008
82500 23.4476
82600 23.3517
82700 23.326900000000002
82800 23.5717
82900 23.421500000000016
83000 23.556400000000004
83100 23.642400000000002
83200 23.534200000000006
83300 23.69470000000002
83400 23.568800000000017
83500 23.490999999999993
83600 23.654100000000007
83700 23.636300000000013
83800 23.66660000000001
83900 23.550900000000006
84000 23.553800000000003
84100 23.569600000000015
84200 23.5871
84300 23.736300000000007
84400 23.776500000000006
84500 23.7066
84600 23.82840000000001
84700 23.770000000000003
84800 23.93160000000001
84900 24.08060000000001
85000 24.006300000000017
85100 24.019700000000007
85200 24.066200000000016
85300 24.135600000000018
85400 23.946500000000007
85500 23.9946
85600 24.31090000000001
85700 24.293100000000017
85800 24.408099999999997
85900 24.273300000000013
86000 24.378900000000023
86100 24.46750000000001
86200 24.41230000000001
86300 24.450200000000002
86400 24.26810000000001
86500 24.531399999999998
86600 24.475599999999993
86700 24.3457
86800 24.422100000000007
86900 24.588500000000003
87000 24.643399999999993
87100 24.697800000000008
87200 24.62800000000002
87300 24.71070000000001
87400 24.7506
87500 24.72570000000001
87600 24.6393
87700 24.883300000000013
87800 24.98300000000001
87900 24.857900000000008
88000 24.905800000000006
88100 24.83910000000001
88200 25.011900000000004
88300 24.696700000000014
88400 25.01460000000001
88500 25.076100000000004
88600 25.13280000000001
88700 25.084100000000014
88800 25.181800000000003
88900 25.474900000000012
89000 25.31030000000002
89100 25.26460000000001
89200 25.5075
89300 25.29720000000001
89400 25.31600000000001
89500 25.643200000000014
89600 25.43360000000002
89700 25.48040000000001
89800 25.408800000000006
89900 25.383900000000004
90000 25.380800000000015
90100 25.493100000000005
90200 25.51460000000001
90300 25.580800000000018
90400 25.516600000000004
90500 25.5794
90600 25.348300000000002
90700 25.596500000000013
90800 25.666900000000005
90900 25.897000000000013
91000 25.84170000000001
91100 25.746600000000008
91200 25.82400000000002
91300 25.987100000000005
91400 25.958300000000015
91500 26.11679999999999
91600 25.828500000000012
91700 26.013600000000004
91800 26.00210000000002
91900 26.046499999999988
92000 26.173700000000004
92100 26.4065
92200 25.990599999999993
92300 26.017699999999998
92400 26.221399999999996
92500 26.255100000000006
92600 26.3303
92700 26.361399999999996
92800 26.320400000000014
92900 26.48200000000002
93000 26.503300000000017
93100 26.485900000000008
93200 26.3422
93300 26.636100000000006
93400 26.498900000000013
93500 26.644299999999994
93600 26.660900000000005
93700 26.623200000000004
93800 26.600399999999986
93900 26.84449999999999
94000 26.801400000000008
94100 26.784500000000016
94200 26.548300000000005
94300 26.66020000000001
94400 26.862800000000014
94500 26.7365
94600 26.790800000000026
94700 26.816800000000008
94800 26.905400000000007
94900 26.931800000000017
95000 26.99280000000001
95100 27.105600000000003
95200 27.193100000000022
95300 26.86990000000001
95400 27.228500000000004
95500 27.168200000000006
95600 27.3953
95700 27.231199999999994
95800 27.399399999999993
95900 27.21530000000002
96000 27.468600000000002
96100 27.174500000000016
96200 27.483100000000015
96300 27.335800000000013
96400 27.4527
96500 27.4202
96600 27.413800000000016
96700 27.363900000000008
96800 27.59560000000001
96900 27.615800000000014
97000 27.599300000000007
97100 27.616500000000023
97200 27.720499999999994
97300 27.838900000000002
97400 27.870799999999996
97500 27.686900000000016
97600 27.47470000000002
97700 27.8594
97800 27.807000000000023
97900 27.639000000000017
98000 27.79860000000003
98100 27.8405
98200 27.724200000000017
98300 27.88540000000001
98400 27.85880000000001
98500 27.94770000000002
98600 28.02740000000002
98700 28.0435
98800 27.868100000000005
98900 28.077100000000023
99000 28.061299999999996
99100 28.088800000000013
99200 28.019600000000004
99300 28.26579999999999
99400 28.486699999999992
99500 28.29280000000002
99600 28.208600000000025
99700 28.394399999999997
99800 28.324199999999998
99900 28.337500000000013
100000 28.543300000000023
100100 28.419700000000013
100200 28.7481
100300 28.53810000000002
100400 28.466800000000013
100500 28.66190000000001
100600 28.59539999999999
100700 28.58780000000001
100800 28.980200000000004
100900 28.7909
101000 28.799299999999995
101100 28.707
101200 28.719500000000018
101300 28.724599999999988
101400 28.895999999999994
101500 29.137200000000014
101600 29.05790000000001
101700 29.010299999999994
101800 28.98810000000001
101900 29.11280000000003
102000 29.08340000000002
102100 29.069200000000016
102200 29.20670000000002
102300 29.1612
102400 29.20770000000001
102500 29.232299999999988
102600 29.08830000000001
102700 29.40919999999999
102800 29.49440000000002
102900 29.489900000000013
103000 29.2447
103100 29.529800000000016
103200 29.325500000000012
103300 29.562400000000004
103400 29.516300000000008
103500 29.3448
103600 29.330700000000014
103700 29.553499999999993
103800 29.586900000000007
103900 29.785000000000004
104000 29.7446
104100 29.771099999999997
104200 29.752600000000008
104300 29.73700000000003
104400 29.8568
104500 29.927700000000023
104600 29.84580000000002
104700 30.123900000000013
104800 29.990800000000014
104900 30.023600000000023
105000 30.060200000000002
105100 30.173100000000012
105200 30.177100000000003
105300 29.933700000000023
105400 29.974900000000012
105500 30.19470000000002
105600 30.273500000000006
105700 30.198799999999984
105800 30.154000000000018
105900 30.199700000000014
106000 30.44870000000001
106100 30.384900000000023
106200 30.371699999999997
106300 30.2716
106400 30.414900000000024
106500 30.310700000000004
106600 30.31970000000002
106700 30.367500000000014
106800 30.524300000000004
106900 30.566099999999985
107000 30.44650000000002
107100 30.505900000000004
107200 30.735400000000006
107300 30.656500000000015
107400 30.628099999999996
107500 30.6839
107600 30.605200000000004
107700 30.761400000000016
107800 30.571000000000005
107900 31.002500000000005
108000 30.836500000000022
108100 30.942600000000006
108200 30.93570000000002
108300 30.9347
108400 31.18550000000001
108500 31.054400000000022
108600 31.120600000000003
108700 31.011699999999998
108800 30.808799999999998
108900 31.429399999999994
109000 31.237000000000002
109100 31.25570000000001
109200 31.258500000000005
109300 31.34970000000002
109400 31.507000000000012
109500 31.5563
109600 31.505599999999994
109700 31.547300000000014
109800 31.587500000000013
109900 31.619000000000007
110000 31.570599999999992
110100 31.387100000000025
110200 31.47830000000001
110300 31.64390000000001
110400 31.63280000000001
110500 31.583899999999993
110600 31.59240000000002
110700 31.69870000000001
110800 31.641200000000005
110900 31.778299999999994
111000 31.82819999999999
111100 31.8825
111200 31.755999999999993
111300 31.836199999999998
111400 31.943000000000005
111500 31.713900000000002
111600 31.715299999999992
111700 32.13850000000003
111800 32.00750000000003
111900 32.11590000000002
112000 31.999900000000018
112100 32.031100000000016
112200 32.1184
112300 32.38870000000002
112400 32.21779999999999
112500 32.239799999999995
112600 32.4202
112700 32.3397
112800 32.26250000000001
112900 32.3012
113000 32.1878
113100 32.1753
113200 32.429399999999994
113300 32.47590000000002
113400 32.62450000000002
113500 32.34450000000002
113600 32.732499999999995
113700 32.472300000000025
113800 32.71750000000002
113900 32.968600000000016
114000 32.61900000000001
114100 32.8396
114200 32.831000000000024
114300 32.9369
114400 32.868400000000015
114500 33.13819999999999
114600 32.75290000000002
114700 32.964700000000015
114800 32.882799999999996
114900 33.1247
115000 33.19300000000002
115100 33.21090000000002
115200 33.082900000000016
115300 33.217999999999996
115400 33.0593
115500 33.14430000000001
115600 33.057700000000004
115700 33.0679
115800 33.1711
115900 33.14640000000001
116000 33.3628
116100 33.27500000000001
116200 33.407900000000005
116300 33.351300000000016
116400 33.39339999999999
116500 33.540500000000016
116600 33.41970000000001
116700 33.36220000000001
116800 33.483500000000014
116900 33.5093
117000 33.63020000000001
117100 33.65000000000001
117200 33.3299
117300 33.85860000000002
117400 33.92250000000002
117500 33.91979999999999
117600 33.72910000000001
117700 33.819799999999994
117800 33.872400000000006
117900 33.85
118000 33.90720000000001
118100 33.93990000000003
118200 34.07150000000001
118300 34.25780000000001
118400 34.21070000000001
118500 33.93250000000001
118600 34.13530000000001
118700 34.378700000000016
118800 34.12200000000002
118900 34.07010000000002
119000 34.3084
119100 34.28740000000001
119200 34.301300000000005
119300 34.36290000000002
119400 34.22910000000001
119500 34.4095
119600 34.57800000000001
119700 34.44480000000002
119800 34.48850000000001
119900 34.47490000000003
120000 34.56880000000002
120100 34.756800000000005
120200 34.654
120300 34.62580000000002
120400 34.70340000000002
120500 34.47170000000002
120600 34.5534
120700 34.69600000000002
120800 34.699999999999996
120900 34.55750000000001
121000 34.5986
121100 34.70980000000002
121200 35.0915
121300 34.96990000000002
121400 34.9194
121500 34.8067
121600 34.85890000000001
121700 34.9167
121800 34.9489
121900 35.1551
122000 34.98360000000002
122100 34.95320000000002
122200 35.24630000000001
122300 35.33490000000001
122400 35.41970000000001
122500 35.1513
122600 35.24620000000002
122700 35.39010000000001
122800 35.4262
122900 35.281600000000005
123000 35.58339999999999
123100 35.63190000000002
123200 35.45050000000001
123300 35.59789999999999
123400 35.63060000000002
123500 35.69010000000001
123600 35.6372
123700 35.57610000000002
123800 35.47510000000002
123900 35.687000000000005
124000 35.692
124100 35.65160000000001
124200 35.59650000000001
124300 35.974799999999995
124400 35.8616
124500 36.0067
124600 36.00360000000001
124700 36.06430000000001
124800 35.876
124900 35.9527
125000 36.006800000000005
125100 35.892700000000026
125200 35.8153
125300 35.982400000000005
125400 36.0699
125500 35.951700000000024
125600 36.01830000000002
125700 36.16710000000001
125800 36.10090000000002
125900 36.1496
126000 36.37320000000002
126100 36.160000000000004
126200 36.478400000000015
126300 36.307300000000005
126400 36.535900000000005
126500 36.51540000000002
126600 36.43280000000002
126700 36.570100000000004
126800 36.5948
126900 36.47520000000001
127000 36.69820000000002
127100 36.771300000000004
127200 36.614399999999996
127300 36.923700000000004
127400 37.079900000000016
127500 36.92640000000001
127600 36.94230000000001
127700 36.78680000000001
127800 37.022200000000005
127900 36.9192
128000 36.80650000000002
128100 36.905900000000024
128200 36.81000000000001
128300 36.81760000000002
128400 37.0734
128500 36.97510000000002
128600 37.136700000000026
128700 37.01260000000003
128800 36.79490000000002
128900 36.9673
129000 37.14679999999999
129100 37.092400000000005
129200 37.3509
129300 37.34280000000002
129400 37.172599999999996
129500 36.9523
129600 37.04710000000001
129700 37.28710000000002
129800 37.343600000000016
129900 37.50050000000001
130000 37.637800000000006
130100 37.560600000000015
130200 37.4605
130300 37.6371
130400 37.55429999999999
130500 37.77470000000003
130600 37.83010000000002
130700 37.7687
130800 37.80950000000001
130900 37.868000000000016
131000 37.8503
131100 37.555000000000014
131200 37.9391
131300 37.8927
131400 37.93089999999999
131500 37.974799999999995
131600 37.77440000000002
131700 38.00260000000001
131800 38.02260000000002
131900 37.939
132000 37.9248
132100 38.146600000000014
132200 38.079000000000015
132300 38.033900000000024
132400 38.0375
132500 38.20040000000001
132600 38.35480000000002
132700 38.08700000000001
132800 38.2567
132900 38.2083
133000 38.24930000000001
133100 38.36220000000001
133200 38.51499999999999
133300 38.490000000000016
133400 38.42159999999999
133500 38.41640000000002
133600 38.50530000000001
133700 38.61690000000001
133800 38.8739
133900 38.769600000000004
134000 38.81000000000001
134100 38.89260000000001
134200 38.83600000000002
134300 38.624100000000006
134400 38.90130000000001
134500 39.020100000000006
134600 39.01069999999999
134700 38.967400000000005
134800 39.11940000000002
134900 38.98800000000002
135000 39.19310000000001
135100 39.09920000000002
135200 39.076
135300 39.150900000000014
135400 38.959399999999995
135500 39.1573
135600 39.214300000000016
135700 39.33320000000001
135800 39.08620000000001
135900 39.5383
136000 39.263900000000014
136100 39.15500000000001
136200 39.00910000000001
136300 39.2485
136400 39.180500000000016
136500 39.147200000000005
136600 39.13139999999999
136700 39.000499999999995
136800 39.285500000000006
136900 39.27340000000002
137000 39.4185
137100 39.4056
137200 39.50360000000001
137300 39.57070000000002
137400 39.6599
137500 39.77200000000003
137600 39.869700000000016
137700 39.86790000000001
137800 39.64830000000001
137900 39.84260000000001
138000 39.990000000000016
138100 40.09860000000001
138200 39.89820000000001
138300 39.85590000000001
138400 39.71300000000003
138500 40.0212
138600 39.91190000000001
138700 40.09879999999999
138800 39.936299999999996
138900 40.321600000000025
139000 40.40590000000001
139100 40.209300000000006
139200 40.26070000000002
139300 40.326699999999995
139400 40.475000000000016
139500 40.489100000000015
139600 40.291500000000006
139700 40.45130000000001
139800 40.63910000000002
139900 40.80960000000001
140000 40.7053
140100 40.59790000000002
140200 40.531100000000016
140300 40.642199999999995
140400 40.52700000000001
140500 40.535900000000005
140600 40.427
140700 40.766800000000025
140800 40.585
140900 40.661200000000015
141000 40.656100000000016
141100 40.58060000000001
141200 40.5478
141300 40.65570000000003
141400 40.77340000000002
141500 40.98560000000001
141600 40.71670000000001
141700 40.87000000000001
141800 41.02990000000002
141900 40.976000000000006
142000 40.8812
142100 41.127599999999994
142200 41.080700000000014
142300 41.09510000000001
142400 41.35100000000002
142500 41.28610000000001
142600 41.47260000000001
142700 41.5808
142800 41.382900000000014
142900 41.49830000000001
143000 41.668200000000006
143100 41.45380000000001
143200 41.572399999999995
143300 41.38580000000001
143400 41.56110000000002
143500 41.526
143600 41.741099999999996
143700 41.71090000000002
143800 41.317900000000016
143900 41.40540000000002
144000 41.57720000000001
144100 41.753099999999996
144200 41.74949999999999
144300 41.574700000000014
144400 41.642100000000006
144500 41.84119999999999
144600 41.7867
144700 41.97629999999999
144800 41.92710000000002
144900 41.84400000000003
145000 41.87680000000001
145100 42.0127
145200 41.98980000000001
145300 42.10030000000001
145400 42.28520000000001
145500 42.339000000000006
145600 42.29040000000001
145700 42.410300000000014
145800 42.2477
145900 42.35389999999999
146000 42.53440000000001
146100 42.3706
146200 42.346
146300 42.64239999999999
146400 42.3893
146500 42.436000000000014
146600 42.383
146700 42.46580000000001
146800 42.33350000000002
146900 42.5246
147000 42.562099999999994
147100 42.6765
147200 42.570699999999995
147300 42.55320000000001
147400 42.53670000000003
147500 42.8008
147600 42.602399999999996
147700 42.88750000000001
147800 42.9254
147900 42.871100000000006
148000 42.867200000000004
148100 42.797900000000006
148200 42.821600000000025
148300 42.8616
148400 43.02520000000002
148500 43.13970000000001
148600 43.09680000000001
148700 43.1428
148800 43.18019999999999
148900 43.15340000000001
149000 43.299
149100 43.3289
149200 43.3045
149300 43.4121
149400 43.39330000000002
149500 43.41180000000001
149600 43.36080000000002
149700 43.461499999999994
149800 43.51370000000002
149900 43.59770000000001
150000 43.66280000000001
150100 43.644100000000016
150200 43.4772
150300 43.50530000000001
150400 43.55949999999999
150500 43.4733
150600 43.366899999999994
150700 43.517900000000004
150800 43.521800000000006
150900 43.47470000000002
151000 43.623
151100 43.718000000000025
151200 43.73329999999999
151300 43.58689999999999
151400 44.02920000000001
151500 44.055300000000024
151600 43.7546
151700 43.82049999999999
151800 44.02750000000001
151900 43.95590000000001
152000 44.10120000000001
152100 44.08429999999999
152200 44.085400000000014
152300 44.00870000000001
152400 44.4574
152500 44.13
152600 44.17610000000001
152700 44.52500000000001
152800 44.32989999999999
152900 44.3847
153000 44.50460000000002
153100 44.40300000000003
153200 44.47010000000001
153300 44.29460000000001
153400 44.410800000000016
153500 44.7563
153600 44.58329999999999
153700 44.7104
153800 44.5909
153900 44.418600000000005
154000 44.825600000000016
154100 44.797900000000006
154200 44.64170000000002
154300 44.58660000000001
154400 44.9539
154500 44.898900000000005
154600 44.83090000000002
154700 44.82800000000001
154800 44.942
154900 44.87670000000001
155000 45.01460000000002
155100 44.955700000000014
155200 44.97520000000001
155300 44.847800000000014
155400 44.9742
155500 45.07400000000002
155600 45.256700000000016
155700 45.54920000000002
155800 45.232800000000005
155900 45.2284
156000 45.249100000000006
156100 45.2925
156200 45.22090000000002
156300 45.47810000000002
156400 45.36250000000002
156500 45.26550000000001
156600 45.47490000000001
156700 45.30670000000001
156800 45.23320000000002
156900 45.52689999999999
157000 45.44450000000001
157100 45.360700000000016
157200 45.62060000000002
157300 45.94930000000003
157400 45.6103
157500 45.56680000000001
157600 45.6891
157700 45.867
157800 45.94100000000001
157900 45.67050000000001
158000 45.735400000000006
158100 45.79190000000002
158200 45.87000000000001
158300 45.99869999999999
158400 46.09120000000002
158500 46.09860000000001
158600 46.14830000000001
158700 46.12490000000002
158800 46.170300000000005
158900 45.9998
159000 46.10569999999999
159100 46.24700000000002
159200 46.3533
159300 46.23560000000001
159400 46.38700000000001
159500 46.25129999999999
159600 46.30170000000002
159700 46.38000000000002
159800 46.448600000000006
159900 46.46840000000001
160000 46.42870000000003
160100 46.3843
