10100 0.0
10200 0.06959999999999411
10300 0.05839999999999179
10400 0.1366999999999905
10500 0.25859999999997285
10600 0.3060999999999865
10700 0.17609999999999104
10800 0.14879999999999427
10900 0.306699999999978
11000 0.27599999999998204
11100 0.2658999999999878
11200 0.2605999999999824
11300 0.30169999999998254
11400 0.24459999999999127
11500 0.38349999999999795
11600 0.3230999999999824
11700 0.3558999999999912
11800 0.4977999999999838
11900 0.39859999999998763
12000 0.41619999999997503
12100 0.47339999999998383
12200 0.7171999999999912
12300 0.8063999999999965
12400 0.8082999999999885
12500 0.7852999999999923
12600 0.787399999999991
12700 0.8417999999999921
12800 0.7612000000000023
12900 0.7973999999999819
13000 0.701999999999984
13100 0.7115999999999758
13200 0.8418999999999812
13300 0.8012999999999835
13400 0.7532999999999959
13500 0.755999999999986
13600 0.6979999999999791
13700 0.6954999999999814
13800 0.6174999999999926
13900 0.7894000000000005
14000 0.7630999999999943
14100 0.6981999999999857
14200 0.6714999999999804
14300 0.7694999999999794
14400 0.675399999999982
14500 0.7162999999999897
14600 0.6697999999999809
14700 0.8589999999999804
14800 0.8464999999999918
14900 0.8980999999999995
15000 0.9583999999999833
15100 0.8274999999999864
15200 0.9781999999999869
15300 1.0685000000000002
15400 1.0591999999999757
15500 1.121799999999979
15600 1.1913999999999874
15700 1.2849999999999824
15800 1.4692999999999756
15900 1.4705999999999904
16000 1.535599999999988
16100 1.544399999999996
16200 1.7076999999999884
16300 1.5505999999999887
16400 1.536999999999992
16500 1.5353999999999957
16600 1.5042999999999722
16700 1.5617999999999768
16800 1.6893999999999778
16900 1.6656999999999869
17000 1.576599999999985
17100 1.6719999999999828
17200 1.5071999999999832
17300 1.6600999999999857
17400 1.6770999999999958
17500 1.7434999999999832
17600 1.7553999999999945
17700 1.7691999999999837
17800 1.830600000000004
17900 1.6908999999999708
18000 1.7634999999999792
18100 1.6972999999999843
18200 1.6877999999999815
18300 1.7572999999999865
18400 1.7602999999999867
18500 1.7387999999999977
18600 1.7876999999999867
18700 1.9949999999999903
18800 1.9950999999999937
18900 1.8115999999999985
19000 1.887900000000002
19100 2.007199999999983
19200 1.7679999999999723
19300 2.0638999999999896
19400 1.8955999999999733
19500 1.776299999999992
19600 1.867299999999986
19700 1.9410999999999774
19800 1.9229999999999876
19900 2.167599999999993
20000 1.9930999999999983
20100 2.0885999999999854
20200 2.188299999999998
20300 2.0908000000000015
20400 2.0693999999999733
20500 2.334899999999976
20600 2.250799999999984
20700 2.2347999999999786
20800 2.3174999999999955
20900 2.27109999999999
21000 2.332499999999982
21100 2.4421999999999855
21200 2.4320999999999913
21300 2.5334999999999894
21400 2.48899999999999
21500 2.3704999999999927
21600 2.489299999999986
21700 2.4654999999999916
21800 2.4026999999999816
21900 2.509299999999982
22000 2.495599999999982
22100 2.5671999999999855
22200 2.4836999999999847
22300 2.5856999999999886
22400 2.6255999999999915
22500 2.56219999999999
22600 2.6557999999999993
22700 2.6646999999999963
22800 2.606099999999998
22900 2.588899999999981
23000 2.8152999999999793
23100 2.6248999999999825
23200 2.5527999999999906
23300 2.8455999999999904
23400 2.6898999999999944
23500 2.729299999999995
23600 2.7711999999999932
23700 2.806599999999989
23800 2.8759000000000015
23900 2.7701999999999884
24000 2.741500000000002
24100 2.786699999999982
24200 2.8208999999999804
24300 2.847799999999978
24400 2.8522999999999854
24500 2.7912999999999784
24600 2.926599999999979
24700 2.8832999999999913
24800 2.8079999999999927
24900 3.064799999999991
25000 3.0300999999999902
25100 2.9923999999999893
25200 3.027799999999985
25300 3.0472000000000037
25400 3.1621999999999844
25500 3.0905999999999807
25600 3.1182999999999765
25700 3.085499999999982
25800 3.1665999999999883
25900 3.20829999999998
26000 3.2724999999999795
26100 3.0836999999999932
26200 3.145399999999995
26300 3.1792999999999836
26400 3.4050999999999902
26500 3.3316999999999837
26600 3.3527999999999736
26700 3.410599999999988
26800 3.375199999999978
26900 3.252299999999991
27000 3.47799999999998
27100 3.490399999999994
27200 3.497799999999984
27300 3.4968999999999824
27400 3.488599999999991
27500 3.4528999999999996
27600 3.6259000000000015
27700 3.6327
27800 3.6014999999999873
27900 3.688299999999984
28000 3.6619999999999777
28100 3.5376999999999867
28200 3.6515999999999877
28300 3.6407999999999845
28400 3.5579999999999927
28500 3.6692999999999927
28600 3.6328999999999922
28700 3.500699999999995
28800 3.611699999999985
28900 3.661599999999993
29000 3.6007999999999925
29100 3.595199999999977
29200 3.788099999999986
29300 3.7823999999999813
29400 3.640899999999988
29500 3.7738999999999834
29600 3.851699999999994
29700 3.7042999999999893
29800 3.8114999999999952
29900 3.8980999999999995
30000 3.8215999999999894
30100 3.922799999999995
30200 3.864599999999996
30300 3.7894000000000005
30400 3.896899999999988
30500 3.896199999999979
30600 3.8693999999999846
30700 3.834899999999976
30800 3.8900999999999897
30900 3.7893999999999863
31000 3.895699999999991
31100 3.7934999999999945
31200 3.9124999999999943
31300 3.864299999999986
31400 3.9487999999999914
31500 3.982699999999994
31600 3.9199999999999875
31700 4.13809999999998
31800 4.018599999999992
31900 4.098099999999988
32000 3.9443999999999875
32100 4.203999999999979
32200 4.055299999999988
32300 4.032599999999988
32400 4.1077999999999975
32500 4.01309999999998
32600 4.110299999999995
32700 4.081299999999999
32800 4.032799999999995
32900 4.15649999999998
33000 4.195199999999986
33100 4.182699999999983
33200 4.232399999999984
33300 4.155399999999986
33400 4.173399999999987
33500 4.139999999999986
33600 4.074799999999982
33700 4.009299999999996
33800 4.126299999999986
33900 4.146499999999989
34000 4.15379999999999
34100 3.8874999999999886
34200 3.884299999999982
34300 3.963899999999981
34400 3.8832999999999913
34500 3.8774999999999835
34600 3.817699999999988
34700 3.6262999999999863
34800 3.7206999999999937
34900 3.76809999999999
35000 3.7014999999999816
35100 3.8182999999999936
35200 3.7027999999999963
35300 3.853999999999985
35400 3.7842999999999734
35500 3.7335999999999814
35600 3.890999999999991
35700 3.8444999999999823
35800 3.8222999999999843
35900 3.957899999999995
36000 3.7757999999999896
36100 3.9928999999999917
36200 4.090399999999988
36300 4.2150999999999925
36400 4.236199999999997
36500 4.167000000000002
36600 4.192999999999984
36700 4.179299999999984
36800 4.099699999999984
36900 4.102299999999985
37000 4.181399999999982
37100 4.0297999999999945
37200 4.215199999999982
37300 4.224999999999994
37400 4.2911
37500 4.363699999999994
37600 4.371299999999991
37700 4.447800000000001
37800 4.522400000000005
37900 4.56989999999999
38000 4.60599999999998
38100 4.806499999999986
38200 4.814199999999985
38300 4.888799999999975
38400 5.027899999999988
38500 4.979299999999995
38600 5.033499999999989
38700 5.132199999999983
38800 5.147199999999998
38900 5.202799999999996
39000 5.162999999999997
39100 5.144199999999984
39200 5.16249999999998
39300 5.100399999999979
39400 5.212799999999987
39500 5.226299999999981
39600 5.250699999999995
39700 5.101199999999977
39800 5.039899999999989
39900 4.911599999999993
40000 5.1547999999999945
40100 5.133299999999991
40200 5.064799999999991
40300 4.999499999999998
40400 4.9687999999999874
40500 4.951999999999984
40600 5.113999999999976
40700 5.097599999999986
40800 5.117899999999992
40900 4.930199999999985
41000 5.161899999999989
41100 5.098899999999986
41200 5.099599999999981
41300 5.017699999999991
41400 5.123599999999982
41500 5.076099999999997
41600 5.21629999999999
41700 5.193099999999987
41800 5.142499999999984
41900 5.144499999999994
42000 5.140999999999991
42100 5.220099999999988
42200 5.3367999999999824
42300 5.209499999999991
42400 5.302799999999991
42500 5.394499999999994
42600 5.314499999999995
42700 5.43889999999999
42800 5.367699999999985
42900 5.239599999999982
43000 5.395299999999992
43100 5.5405999999999835
43200 5.562599999999975
43300 5.607699999999994
43400 5.522599999999983
43500 5.6089999999999804
43600 5.556799999999981
43700 5.737499999999983
43800 5.898899999999998
43900 5.889399999999995
44000 5.832499999999996
44100 5.951799999999977
44200 6.096599999999981
44300 6.0224999999999795
44400 6.059499999999986
44500 6.045599999999979
44600 6.151999999999987
44700 6.202099999999987
44800 6.055099999999982
44900 6.210099999999983
45000 6.153099999999995
45100 6.111799999999988
45200 6.226699999999994
45300 6.299299999999988
45400 6.373699999999985
45500 6.24169999999998
45600 6.428999999999974
45700 6.2660999999999945
45800 6.281399999999991
45900 6.29989999999998
46000 6.2790999999999855
46100 6.142699999999991
46200 6.2601999999999975
46300 6.220199999999991
46400 6.170999999999992
46500 6.137399999999985
46600 6.142499999999984
46700 6.08629999999998
46800 6.080599999999976
46900 6.154999999999987
47000 6.128699999999981
47100 6.197399999999988
47200 6.104399999999984
47300 6.113099999999989
47400 6.155499999999989
47500 6.1813999999999965
47600 6.258399999999995
47700 6.294099999999986
47800 6.386200000000002
47900 6.407399999999981
48000 6.2920999999999765
48100 6.523199999999974
48200 6.524499999999989
48300 6.517799999999994
48400 6.736399999999989
48500 6.789799999999985
48600 6.684299999999979
48700 6.841699999999989
48800 6.833100000000002
48900 6.827699999999993
49000 7.113699999999994
49100 7.070499999999981
49200 7.063999999999979
49300 7.044199999999989
49400 7.154599999999988
49500 7.1274999999999835
49600 7.162499999999994
49700 7.2660999999999945
49800 7.178799999999995
49900 7.134999999999991
50000 7.197800000000001
50100 7.111099999999993
50200 7.439399999999992
50300 7.2490999999999985
50400 7.153899999999979
50500 7.214899999999972
50600 7.041099999999986
50700 7.096799999999988
50800 7.21429999999998
50900 7.032199999999989
51000 7.044599999999988
51100 6.986299999999986
51200 7.204099999999983
51300 7.113699999999994
51400 7.1518999999999835
51500 7.254499999999993
51600 7.2590999999999894
51700 7.21129999999998
51800 7.320399999999978
51900 7.38209999999998
52000 7.373799999999989
52100 7.412599999999983
52200 7.591499999999996
52300 7.51479999999998
52400 7.639699999999991
52500 7.428599999999989
52600 7.780499999999989
52700 7.538799999999995
52800 7.640999999999991
52900 7.539399999999972
53000 7.85329999999999
53100 7.708799999999982
53200 7.822299999999984
53300 7.772999999999996
53400 7.905199999999979
53500 7.7841999999999985
53600 7.789399999999986
53700 7.864399999999989
53800 7.896599999999992
53900 7.9225999999999885
54000 7.768299999999996
54100 7.885199999999983
54200 8.009999999999991
54300 8.140299999999982
54400 8.16289999999998
54500 8.043099999999981
54600 8.147899999999993
54700 8.247299999999996
54800 8.295599999999979
54900 8.29679999999999
55000 8.235099999999989
55100 8.454499999999996
55200 8.379599999999996
55300 8.403300000000002
55400 8.371799999999979
55500 8.52719999999998
55600 8.531299999999987
55700 8.552999999999983
55800 8.598899999999986
55900 8.529399999999981
56000 8.530899999999988
56100 8.706299999999999
56200 8.704799999999992
56300 8.662700000000001
56400 8.853499999999997
56500 8.751099999999994
56600 8.66589999999998
56700 8.88679999999998
56800 8.740899999999982
56900 8.713399999999979
57000 8.688399999999987
57100 8.795299999999983
57200 8.785799999999995
57300 8.835499999999996
57400 8.779699999999991
57500 8.857
57600 8.767299999999992
57700 8.826599999999985
57800 8.847999999999985
57900 9.005099999999985
58000 8.918999999999983
58100 8.998099999999994
58200 8.964500000000001
58300 8.942700000000002
58400 9.085000000000008
58500 8.922399999999982
58600 8.924199999999985
58700 9.010999999999967
58800 9.099799999999988
58900 9.079199999999986
59000 8.867899999999977
59100 9.076099999999983
59200 9.174099999999981
59300 9.084799999999973
59400 9.04349999999998
59500 9.11439999999999
59600 9.154999999999987
59700 9.109099999999984
59800 9.20429999999999
59900 9.135499999999979
60000 9.463499999999982
60100 9.219599999999986
60200 9.31049999999999
60300 9.3108
60400 9.561599999999999
60500 9.31559999999999
60600 9.447199999999995
60700 9.588400000000007
60800 9.675899999999999
60900 9.46950000000001
61000 9.609799999999979
61100 9.644499999999965
61200 9.70199999999997
61300 9.698299999999975
61400 9.789899999999989
61500 9.76139999999998
61600 9.731299999999976
61700 9.808699999999988
61800 9.642599999999987
61900 9.786599999999993
62000 9.785299999999978
62100 9.719399999999979
62200 9.615799999999979
62300 9.699999999999989
62400 9.657499999999999
62500 9.710699999999989
62600 9.821699999999993
62700 9.774799999999999
62800 9.756799999999998
62900 9.923599999999993
63000 10.042299999999997
63100 9.965599999999995
63200 9.952399999999997
63300 10.106200000000001
63400 10.212999999999994
63500 10.135099999999966
63600 10.088099999999969
63700 10.200199999999967
63800 10.230199999999968
63900 10.330199999999977
64000 10.316999999999979
64100 10.367699999999985
64200 10.474499999999978
64300 10.601899999999972
64400 10.518599999999992
64500 10.64179999999999
64600 10.741299999999995
64700 10.90009999999998
64800 10.841699999999989
64900 10.778299999999987
65000 11.032699999999991
65100 10.93849999999999
65200 10.941299999999984
65300 11.076399999999992
65400 11.178799999999995
65500 11.105599999999995
65600 11.296599999999998
65700 11.383299999999991
65800 11.525800000000004
65900 11.429200000000009
66000 11.690099999999973
66100 11.764899999999983
66200 11.807099999999977
66300 12.14409999999998
66400 12.027899999999988
66500 12.320399999999978
66600 12.492499999999978
66700 12.651099999999985
66800 12.85669999999999
66900 12.922599999999989
67000 13.13209999999998
67100 13.287799999999976
67200 13.55249999999998
67300 13.840799999999987
67400 13.82119999999999
67500 14.11069999999998
67600 14.160299999999992
67700 14.441399999999987
67800 14.756100000000004
67900 14.801400000000001
68000 15.000399999999999
68100 15.177599999999998
68200 15.289600000000007
68300 15.4936
68400 15.850799999999992
68500 15.732499999999973
68600 15.81359999999998
68700 16.076699999999974
68800 16.01689999999998
68900 16.175099999999986
69000 16.483199999999982
69100 16.544599999999974
69200 16.721299999999985
69300 16.669299999999993
69400 16.598499999999987
69500 16.826899999999995
69600 16.880499999999984
69700 16.876899999999978
69800 16.947699999999998
69900 17.037599999999998
70000 16.890199999999993
70100 16.994499999999988
70200 16.994299999999996
70300 16.957300000000004
70400 17.046499999999995
70500 17.004899999999992
70600 17.024699999999996
70700 17.284400000000005
70800 17.2808
70900 17.246399999999994
71000 17.28079999999997
71100 17.201799999999977
71200 17.372899999999973
71300 17.50279999999998
71400 17.49299999999998
71500 17.77039999999998
71600 17.965499999999977
71700 17.989199999999983
71800 18.014699999999976
71900 17.782899999999984
72000 17.79939999999999
72100 18.245899999999978
72200 18.351799999999997
72300 18.253399999999985
72400 18.38539999999999
72500 18.50139999999999
72600 18.65549999999999
72700 18.855199999999996
72800 18.94409999999999
72900 18.973399999999998
73000 19.021699999999996
73100 19.211099999999988
73200 19.385500000000008
73300 19.3373
73400 19.455
73500 19.55689999999997
73600 19.69429999999997
73700 19.620299999999986
73800 19.82129999999998
73900 19.889699999999976
74000 20.026299999999978
74100 19.978199999999987
74200 19.794899999999984
74300 19.991599999999977
74400 20.070099999999982
74500 20.06819999999999
74600 20.050299999999993
74700 20.42859999999999
74800 20.326199999999986
74900 20.39609999999999
75000 20.289299999999997
75100 20.228499999999997
75200 20.26249999999999
75300 20.310900000000004
75400 20.296400000000006
75500 20.191000000000003
75600 20.540400000000005
75700 20.5073
75800 20.38900000000001
75900 20.502800000000008
76000 20.525399999999976
76100 20.54109999999997
76200 20.515099999999975
76300 20.63979999999998
76400 20.758599999999973
76500 20.893399999999986
76600 20.927599999999984
76700 20.98999999999998
76800 21.05979999999998
76900 21.10209999999998
77000 21.224299999999985
77100 21.003799999999984
77200 21.345499999999987
77300 21.4931
77400 21.373899999999992
77500 21.370099999999994
77600 21.387199999999993
77700 21.591799999999992
77800 21.4443
77900 21.43379999999999
78000 21.50399999999999
78100 21.441100000000006
78200 21.564099999999996
78300 21.654799999999994
78400 21.4653
78500 21.59579999999997
78600 21.810499999999976
78700 21.79789999999997
78800 21.857199999999978
78900 21.841499999999968
79000 21.913899999999984
79100 21.782599999999974
79200 21.85089999999998
79300 21.80189999999999
79400 21.880499999999984
79500 21.987899999999982
79600 21.895699999999977
79700 21.998099999999994
79800 22.058199999999985
79900 22.047299999999993
80000 22.139899999999983
80100 22.112799999999993
80200 22.16669999999999
80300 22.0942
80400 22.14009999999999
80500 22.298900000000003
80600 22.3078
80700 22.386799999999994
80800 22.433099999999996
80900 22.32480000000001
81000 22.370499999999964
81100 22.33929999999998
81200 22.403799999999976
81300 22.512299999999982
81400 22.419999999999987
81500 22.56249999999997
81600 22.537699999999973
81700 22.53409999999998
81800 22.684199999999976
81900 22.686699999999973
82000 22.673099999999977
82100 22.653699999999986
82200 22.901699999999977
82300 22.617999999999995
82400 22.952399999999983
82500 22.82589999999999
82600 22.869
82700 22.8707
82800 23.0009
82900 22.8964
83000 23.117400000000004
83100 23.0591
83200 22.965100000000007
83300 23.01679999999999
83400 22.99090000000001
83500 22.930799999999977
83600 22.949499999999972
83700 22.80849999999998
83800 23.08369999999998
83900 22.996599999999972
84000 23.009799999999984
84100 23.108899999999977
84200 23.247499999999974
84300 23.228699999999975
84400 23.241499999999974
84500 23.255899999999983
84600 23.331299999999985
84700 23.323799999999977
84800 23.285799999999995
84900 23.368799999999993
85000 23.406299999999987
85100 23.51079999999999
85200 23.534999999999997
85300 23.607
85400 23.569199999999995
85500 23.664999999999992
85600 23.557500000000005
85700 23.736999999999995
85800 23.8172
85900 23.767300000000006
86000 23.935399999999973
86100 23.94119999999998
86200 24.033799999999985
86300 24.04729999999998
86400 24.195299999999975
86500 24.22569999999999
86600 24.092199999999977
86700 24.330499999999972
86800 24.399999999999977
86900 24.244099999999975
87000 24.344799999999992
87100 24.337299999999985
87200 24.38719999999998
87300 24.279999999999987
87400 24.29889999999999
87500 24.234999999999985
87600 24.34219999999999
87700 24.426999999999992
87800 24.479699999999994
87900 24.38749999999999
88000 24.539999999999992
88100 24.56909999999999
88200 24.48939999999999
88300 24.626100000000008
88400 24.448399999999992
88500 24.525399999999976
88600 24.56069999999997
88700 24.437899999999985
88800 24.767999999999972
88900 24.77989999999997
89000 24.982599999999977
89100 24.902799999999985
89200 24.778399999999976
89300 24.88469999999998
89400 24.882499999999993
89500 24.876299999999986
89600 24.766699999999986
89700 24.858799999999988
89800 24.97289999999998
89900 24.987899999999996
90000 24.87079999999999
90100 25.0925
90200 25.0479
90300 25.16919999999999
90400 25.03389999999999
90500 25.029899999999998
90600 25.0685
90700 25.19579999999999
90800 25.2286
90900 25.3146
91000 25.28359999999998
91100 25.365199999999973
91200 25.238199999999978
91300 25.463899999999967
91400 25.40519999999998
91500 25.41849999999998
91600 25.73629999999997
91700 25.62739999999998
91800 25.596699999999984
91900 25.675399999999982
92000 25.63039999999998
92100 25.633499999999984
92200 25.676199999999994
92300 25.649299999999982
92400 25.802099999999996
92500 25.83959999999999
92600 25.851299999999995
92700 25.84639999999999
92800 25.8596
92900 25.988799999999998
93000 25.988799999999998
93100 25.9795
93200 25.994
93300 26.0728
93400 26.035200000000003
93500 26.11579999999998
93600 26.091399999999965
93700 26.05459999999998
93800 26.089399999999983
93900 26.084299999999985
94000 26.090899999999976
94100 26.095399999999984
94200 26.25659999999999
94300 26.218499999999977
94400 26.393999999999977
94500 26.354399999999984
94600 26.43949999999998
94700 26.369399999999985
94800 26.352499999999992
94900 26.53269999999999
95000 26.57559999999998
95100 26.616299999999995
95200 26.592799999999983
95300 26.688699999999997
95400 26.641199999999998
95500 26.637199999999993
95600 26.787000000000006
95700 26.776600000000002
95800 26.8223
95900 26.819000000000003
96000 26.858899999999977
96100 26.985499999999973
96200 27.11979999999997
96300 27.02559999999997
96400 27.059999999999974
96500 27.104199999999977
96600 27.147299999999973
96700 27.119999999999976
96800 27.35409999999999
96900 27.073099999999982
97000 27.009799999999984
97100 27.126599999999996
97200 27.295799999999986
97300 27.193899999999985
97400 27.159599999999983
97500 27.222499999999997
97600 27.22529999999999
97700 27.411199999999994
97800 27.396899999999988
97900 27.274399999999986
98000 27.5565
98100 27.459000000000003
98200 27.39869999999999
98300 27.5004
98400 27.4174
98500 27.41349999999997
98600 27.509899999999973
98700 27.56999999999998
98800 27.575499999999977
98900 27.65089999999998
99000 27.74649999999997
99100 27.611799999999988
99200 27.631099999999975
99300 27.716999999999985
99400 27.809099999999987
99500 27.961599999999976
99600 27.93759999999999
99700 27.912199999999984
99800 28.05539999999999
99900 27.977799999999988
100000 27.859799999999993
100100 28.111999999999995
100200 28.118499999999983
100300 28.214799999999997
100400 28.12809999999999
100500 28.06909999999999
100600 28.177400000000006
100700 28.182500000000005
100800 28.322599999999994
100900 28.323499999999996
101000 28.315399999999983
101100 28.293499999999966
101200 28.421799999999976
101300 28.36899999999997
101400 28.415299999999974
101500 28.48229999999998
101600 28.534699999999987
101700 28.57169999999998
101800 28.60429999999998
101900 28.705799999999982
102000 28.696099999999987
102100 28.932699999999983
102200 28.780599999999993
102300 28.66839999999999
102400 28.695699999999988
102500 28.950999999999993
102600 28.863399999999984
102700 28.909899999999993
102800 28.942499999999995
102900 28.949399999999997
103000 28.910899999999998
103100 29.067800000000005
103200 28.893900000000002
103300 29.181600000000003
103400 29.2299
103500 28.991899999999973
103600 28.957299999999975
103700 29.179499999999976
103800 29.06669999999997
103900 29.299399999999977
104000 29.292899999999975
104100 29.322299999999984
104200 29.21799999999999
104300 29.21549999999999
104400 29.35899999999998
104500 29.46289999999999
104600 29.38069999999999
104700 29.391299999999987
104800 29.414999999999992
104900 29.523499999999984
105000 29.4897
105100 29.603199999999987
105200 29.55959999999999
105300 29.563299999999998
105400 29.705399999999997
105500 29.674299999999988
105600 29.739000000000004
105700 29.640900000000002
105800 29.8163
105900 30.02080000000001
106000 29.824499999999972
106100 29.763799999999975
106200 29.894799999999975
106300 29.84829999999998
106400 30.031999999999982
106500 29.841699999999975
106600 29.84359999999998
106700 29.868599999999986
106800 30.16079999999998
106900 30.022599999999983
107000 29.98859999999999
107100 29.99029999999999
107200 30.132899999999978
107300 30.119499999999988
107400 30.162299999999988
107500 30.254099999999994
107600 30.2774
107700 30.257899999999992
107800 30.451699999999988
107900 30.4007
108000 30.484800000000007
108100 30.492500000000007
108200 30.5501
108300 30.63810000000001
108400 30.6357
108500 30.727799999999974
108600 30.74249999999998
108700 30.68599999999998
108800 30.742899999999977
108900 30.794599999999974
109000 30.707099999999983
109100 30.806599999999975
109200 30.872599999999977
109300 30.847799999999978
109400 31.070999999999984
109500 30.95779999999999
109600 31.015899999999988
109700 31.01549999999999
109800 31.03279999999998
109900 31.22289999999998
110000 31.153999999999996
110100 31.083399999999983
110200 31.123499999999993
110300 31.169799999999995
110400 31.042900000000003
110500 31.115199999999987
110600 31.237499999999997
110700 31.022599999999997
110800 31.259199999999993
110900 31.0719
111000 30.976399999999984
111100 31.310499999999976
111200 31.418799999999976
111300 31.311799999999977
111400 31.38779999999997
111500 31.514199999999988
111600 31.25629999999998
111700 31.388599999999983
111800 31.567599999999985
111900 31.57759999999999
112000 31.51219999999998
112100 31.654799999999994
112200 31.62179999999998
112300 31.663899999999984
112400 31.700099999999992
112500 31.599199999999996
112600 31.779899999999998
112700 31.834999999999994
112800 31.914699999999996
112900 31.927400000000006
113000 31.862899999999996
113100 31.895399999999995
113200 32.194199999999995
113300 32.21090000000001
113400 32.2625
113500 32.23149999999998
113600 32.28499999999997
113700 32.36579999999998
113800 32.300099999999986
113900 32.34059999999998
114000 32.402799999999985
114100 32.49829999999997
114200 32.445599999999985
114300 32.46009999999998
114400 32.449499999999986
114500 32.55789999999999
114600 32.510699999999986
114700 32.446499999999986
114800 32.42949999999999
114900 32.58869999999999
115000 32.74599999999998
115100 32.6773
115200 32.69969999999999
115300 32.7209
115400 32.727299999999985
115500 32.892799999999994
115600 32.65559999999999
115700 32.7381
115800 32.7051
115900 32.79140000000001
116000 32.737799999999964
116100 32.927799999999976
116200 32.771799999999985
116300 32.73219999999998
116400 32.91669999999998
116500 33.07529999999997
116600 32.84449999999998
116700 33.02139999999997
116800 33.00489999999999
116900 32.98419999999999
117000 33.10949999999998
117100 33.04089999999999
117200 33.1198
117300 33.168499999999995
117400 33.16789999999999
117500 33.291799999999995
117600 33.33509999999998
117700 33.40259999999999
117800 33.2679
117900 33.56399999999999
118000 33.589299999999994
118100 33.4109
118200 33.7304
118300 33.765299999999996
118400 33.6786
118500 33.58509999999998
118600 33.693599999999975
118700 33.81239999999997
118800 33.71129999999998
118900 33.70739999999998
119000 33.886499999999984
119100 33.84979999999999
119200 33.83679999999998
119300 33.847699999999975
119400 33.82309999999998
119500 33.97739999999999
119600 33.98979999999999
119700 33.963199999999986
119800 34.10929999999999
119900 34.256399999999985
120000 34.06369999999998
120100 34.07679999999999
120200 34.37599999999999
120300 34.285399999999996
120400 34.2003
120500 34.30629999999999
120600 34.258399999999995
120700 34.33279999999999
120800 34.3181
120900 34.256699999999995
121000 34.40829999999997
121100 34.41129999999998
121200 34.431599999999975
121300 34.52809999999997
121400 34.50199999999998
121500 34.62269999999998
121600 34.83699999999999
121700 34.799599999999984
121800 34.64319999999998
121900 34.580599999999976
122000 34.566899999999976
122100 34.691799999999986
122200 34.68039999999999
122300 34.97179999999999
122400 34.9374
122500 34.83439999999999
122600 34.854299999999995
122700 34.91919999999999
122800 34.919799999999995
122900 35.0697
123000 35.16829999999999
123100 35.07159999999999
123200 35.14580000000001
123300 35.2046
123400 35.1503
123500 35.21689999999998
123600 35.32569999999998
123700 35.322899999999976
123800 35.288899999999984
123900 35.30889999999998
124000 35.283099999999976
124100 35.44579999999998
124200 35.29229999999998
124300 35.38379999999998
124400 35.44669999999999
124500 35.50829999999999
124600 35.49419999999998
124700 35.430499999999995
124800 35.479299999999995
124900 35.367999999999995
125000 35.53989999999999
125100 35.5564
125200 35.411699999999996
125300 35.50229999999999
125400 35.487899999999996
125500 35.5925
125600 35.82130000000001
125700 35.7204
125800 35.5844
125900 35.7088
126000 35.74999999999997
126100 35.954299999999975
126200 36.012499999999974
126300 35.92329999999998
126400 36.04309999999998
126500 35.87739999999998
126600 36.07329999999999
126700 36.137099999999975
126800 36.24199999999999
126900 36.178199999999975
127000 36.200199999999995
127100 36.25009999999999
127200 36.341999999999985
127300 36.28189999999998
127400 36.4101
127500 36.3279
127600 36.5137
127700 36.4297
127800 36.4495
127900 36.45169999999999
128000 36.396699999999996
128100 36.4854
128200 36.6216
128300 36.71029999999999
128400 36.583600000000004
128500 36.63229999999997
128600 36.68059999999997
128700 36.57639999999998
128800 36.61729999999997
128900 36.69379999999998
129000 36.70769999999999
129100 36.62459999999999
129200 36.55649999999997
129300 36.73689999999999
129400 36.86249999999998
129500 36.71199999999999
129600 36.84019999999998
129700 36.83019999999999
129800 37.03269999999999
129900 37.012699999999995
130000 37.14349999999999
130100 37.129099999999994
130200 37.207300000000004
130300 37.281800000000004
130400 37.116699999999994
130500 37.337599999999995
130600 37.345299999999995
130700 37.2645
130800 37.314400000000006
130900 37.3052
131000 37.27639999999997
131100 37.41439999999997
131200 37.54539999999997
131300 37.47069999999998
131400 37.720599999999976
131500 37.46209999999998
131600 37.44499999999998
131700 37.569299999999984
131800 37.68819999999998
131900 37.74589999999998
132000 37.67909999999998
132100 37.61309999999999
132200 37.70339999999999
132300 37.864699999999985
132400 37.65729999999999
132500 37.823199999999986
132600 37.9512
132700 37.921899999999994
132800 37.90559999999999
132900 37.76079999999999
133000 38.051799999999986
133100 38.0684
133200 38.1622
133300 38.12219999999999
133400 38.19980000000001
133500 38.057199999999966
133600 38.12129999999998
133700 38.14129999999997
133800 38.45959999999998
133900 38.31409999999997
134000 38.42359999999998
134100 38.56359999999998
134200 38.32619999999997
134300 38.35639999999998
134400 38.57679999999999
134500 38.46289999999999
134600 38.54099999999998
134700 38.59209999999999
134800 38.449899999999985
134900 38.470399999999984
135000 38.4631
135100 38.692999999999984
135200 38.59639999999999
135300 38.541799999999995
135400 38.679
135500 38.575500000000005
135600 38.718500000000006
135700 38.91059999999999
135800 38.8767
135900 38.9297
136000 38.860999999999976
136100 38.92839999999998
136200 39.025499999999965
136300 38.99889999999998
136400 38.94839999999998
136500 39.07309999999998
136600 39.12919999999998
136700 39.02129999999998
136800 39.19309999999999
136900 39.11879999999999
137000 39.22139999999999
137100 39.36589999999998
137200 39.35669999999999
137300 39.218999999999994
137400 39.37979999999999
137500 39.454499999999996
137600 39.32479999999998
137700 39.365099999999984
137800 39.4563
137900 39.568299999999994
138000 39.46119999999999
138100 39.4096
138200 39.5012
138300 39.540400000000005
138400 39.432900000000004
138500 39.602799999999974
138600 39.74989999999997
138700 39.77339999999998
138800 39.737599999999986
138900 39.716699999999975
139000 39.761699999999976
139100 39.85549999999998
139200 39.81509999999997
139300 40.05069999999998
139400 40.10089999999998
139500 40.002699999999976
139600 40.020399999999995
139700 40.100899999999996
139800 40.0564
139900 40.04379999999999
140000 39.867699999999985
140100 40.101399999999984
140200 40.37019999999998
140300 40.1105
140400 40.13409999999999
140500 40.25389999999999
140600 40.201899999999995
140700 40.377399999999994
140800 40.22319999999999
140900 40.339600000000004
141000 40.22649999999997
141100 40.314299999999974
141200 40.182499999999976
141300 40.35699999999997
141400 40.258699999999976
141500 40.44779999999997
141600 40.43569999999998
141700 40.53399999999999
141800 40.45399999999998
141900 40.467599999999976
142000 40.72519999999999
142100 40.672099999999986
142200 40.57039999999998
142300 40.815499999999986
142400 40.76639999999999
142500 40.90719999999999
142600 40.919899999999984
142700 40.83449999999999
142800 41.03469999999999
142900 40.896799999999985
143000 41.1327
143100 41.1696
143200 41.12870000000001
143300 41.015600000000006
143400 41.1802
143500 41.01389999999998
143600 41.095999999999975
143700 41.08989999999997
143800 41.114299999999986
143900 41.16659999999999
144000 41.097699999999975
144100 41.19449999999998
144200 41.27899999999998
144300 41.22969999999998
144400 41.26679999999999
144500 41.39239999999998
144600 41.31959999999998
144700 41.39819999999999
144800 41.54669999999999
144900 41.71149999999999
145000 41.659499999999994
145100 41.80709999999999
145200 41.70179999999999
145300 41.7337
145400 41.91759999999999
145500 41.7499
145600 41.986599999999996
145700 41.9624
145800 41.96770000000001
145900 41.941900000000004
146000 41.926199999999966
146100 42.027199999999965
146200 42.192999999999984
146300 41.96749999999997
146400 41.94519999999997
146500 42.05139999999997
146600 42.08759999999998
146700 42.11779999999999
146800 42.15799999999999
146900 42.20019999999998
147000 42.103599999999986
147100 42.33449999999999
147200 42.261099999999985
147300 42.27829999999999
147400 42.175399999999996
147500 42.28709999999998
147600 42.3091
147700 42.282099999999986
147800 42.45849999999999
147900 42.47989999999999
148000 42.467299999999994
148100 42.74449999999999
148200 42.3801
148300 42.6001
148400 42.81649999999999
148500 42.76649999999998
148600 42.77809999999997
148700 42.77289999999998
148800 42.86369999999998
148900 42.90519999999998
149000 42.85119999999998
149100 42.97219999999999
149200 43.018099999999976
149300 43.00409999999998
149400 43.03969999999998
149500 43.00119999999998
149600 43.04329999999999
149700 43.05629999999999
149800 43.16399999999999
149900 43.00099999999999
150000 42.92089999999999
150100 43.14599999999999
150200 43.01079999999999
150300 43.044399999999996
150400 43.08529999999999
150500 43.3057
150600 43.12350000000001
150700 43.131299999999996
150800 43.0838
150900 43.2796
151000 43.271499999999975
151100 43.29729999999998
151200 43.27049999999997
151300 43.52669999999998
151400 43.50649999999999
151500 43.56239999999998
151600 43.41639999999998
151700 43.59959999999998
151800 43.58069999999998
151900 43.64499999999998
152000 43.881399999999985
152100 43.65969999999999
152200 43.69629999999998
152300 43.866799999999984
152400 43.75659999999999
152500 44.02879999999999
152600 43.9487
152700 43.852999999999994
152800 43.910499999999985
152900 44.0522
153000 44.1434
153100 44.1464
153200 44.0273
153300 44.083
153400 44.07480000000001
153500 44.232699999999966
153600 44.068299999999965
153700 44.21479999999997
153800 44.18429999999998
153900 44.17829999999998
154000 44.17709999999998
154100 44.107099999999974
154200 44.478699999999975
154300 44.322299999999984
154400 44.39869999999999
154500 44.448999999999984
154600 44.51659999999998
154700 44.53359999999998
154800 44.60459999999999
154900 44.58779999999999
155000 44.486699999999985
155100 44.50459999999998
155200 44.7688
155300 44.58939999999998
155400 44.692899999999995
155500 44.71629999999999
155600 44.77109999999999
155700 44.78989999999999
155800 44.8746
155900 44.8305
156000 44.962699999999984
156100 44.92999999999998
156200 45.018499999999975
156300 44.96049999999997
156400 44.869399999999985
156500 44.85469999999998
156600 44.95069999999998
156700 44.970399999999984
156800 44.957299999999975
156900 45.06009999999998
157000 45.00159999999998
157100 44.99789999999999
157200 45.105699999999985
157300 45.36189999999999
157400 45.11499999999998
157500 45.318299999999994
157600 45.33779999999999
157700 45.34879999999998
157800 45.4469
157900 45.59809999999999
158000 45.58439999999999
158100 45.560100000000006
158200 45.644000000000005
158300 45.63239999999999
158400 45.77760000000001
158500 45.87059999999997
158600 45.88499999999998
158700 45.95279999999997
158800 45.821599999999975
158900 45.89379999999997
159000 45.84399999999998
159100 46.01519999999998
159200 46.02929999999998
159300 46.071499999999986
159400 45.750799999999984
159500 45.811499999999995
159600 45.95869999999999
159700 45.994699999999995
159800 46.02839999999999
159900 45.96589999999999
160000 46.108299999999986
160100 46.22879999999999
