10100 0.0
10200 0.06550000000001432
10300 0.09220000000000539
10400 0.06200000000001182
10500 0.28340000000001453
10600 0.425200000000018
10700 0.3073000000000121
10800 0.43130000000002156
10900 0.5123000000000104
11000 0.4654000000000167
11100 0.43610000000001037
11200 0.612400000000008
11300 0.47150000000002024
11400 0.3902000000000072
11500 0.3644000000000176
11600 0.511400000000009
11700 0.39440000000001874
11800 0.461400000000026
11900 0.49780000000001223
12000 0.48220000000002017
12100 0.5366000000000213
12200 0.7918000000000234
12300 0.7035000000000053
12400 0.6561000000000092
12500 0.8035000000000139
12600 0.8631000000000171
12700 0.8163000000000125
12800 0.857900000000015
12900 0.82680000000002
13000 0.7214000000000169
13100 0.960400000000007
13200 0.8693000000000097
13300 0.8484000000000123
13400 0.8499000000000052
13500 1.011400000000009
13600 1.100500000000011
13700 0.9603000000000179
13800 1.0367000000000104
13900 1.234499999999997
14000 1.214100000000002
14100 1.1287000000000091
14200 1.2136000000000138
14300 1.1516000000000162
14400 1.2223000000000184
14500 1.091700000000003
14600 1.3021000000000242
14700 1.1070000000000135
14800 0.9720000000000084
14900 1.052800000000019
15000 0.9812000000000154
15100 1.0182000000000073
15200 1.319800000000015
15300 1.27770000000001
15400 1.2076000000000136
15500 1.352700000000013
15600 1.4446000000000083
15700 1.4625000000000057
15800 1.5100000000000051
15900 1.4994000000000085
16000 1.5814000000000021
16100 1.5821000000000254
16200 1.449200000000019
16300 1.5618000000000052
16400 1.6459000000000117
16500 1.460800000000006
16600 1.6239000000000203
16700 1.9803000000000281
16800 1.9454000000000065
16900 1.8240000000000123
17000 1.8866000000000156
17100 1.7613000000000056
17200 1.8951000000000136
17300 1.9188000000000045
17400 1.818000000000012
17500 1.8455000000000155
17600 1.6846000000000174
17700 1.7184000000000168
17800 1.8101000000000056
17900 1.741800000000012
18000 1.7572000000000116
18100 1.7390000000000043
18200 1.4269000000000034
18300 1.617100000000022
18400 1.7811000000000092
18500 1.5693000000000126
18600 1.7440000000000282
18700 1.854600000000005
18800 1.880500000000012
18900 1.9246000000000265
19000 2.214100000000002
19100 2.048400000000015
19200 1.9432000000000187
19300 2.0375000000000227
19400 2.4709000000000145
19500 2.523600000000016
19600 2.1950000000000074
19700 2.268800000000013
19800 2.3111000000000104
19900 2.3623000000000047
20000 2.3582000000000107
20100 2.45150000000001
20200 2.2954000000000008
20300 2.308000000000021
20400 2.329800000000006
20500 2.165600000000012
20600 2.214100000000002
20700 2.19880000000002
20800 2.4580000000000126
20900 2.464400000000012
21000 2.4607000000000028
21100 2.3840000000000146
21200 2.466700000000017
21300 2.5788000000000153
21400 2.49290000000002
21500 2.5138000000000034
21600 2.4656999999999982
21700 2.634100000000018
21800 2.709300000000013
21900 2.6266000000000105
22000 2.645500000000027
22100 2.606000000000023
22200 2.6520000000000152
22300 2.8086000000000126
22400 2.8514000000000124
22500 2.820600000000013
22600 2.960300000000018
22700 2.7438000000000073
22800 2.8655000000000115
22900 3.102300000000014
23000 3.024000000000001
23100 2.789800000000014
23200 2.915200000000013
23300 3.0568000000000097
23400 2.962100000000021
23500 2.9391999999999996
23600 2.9950000000000045
23700 2.9760000000000133
23800 2.9786000000000143
23900 2.8540000000000134
24000 2.9849000000000103
24100 2.944800000000015
24200 2.9598000000000155
24300 2.998100000000008
24400 3.05980000000001
24500 2.9750000000000227
24600 3.16370000000002
24700 3.1129000000000246
24800 3.1799000000000035
24900 3.4135000000000275
25000 3.104600000000005
25100 3.2164000000000215
25200 3.276600000000002
25300 3.2892999999999972
25400 3.3377000000000123
25500 3.3245000000000147
25600 3.3046000000000078
25700 3.3233000000000033
25800 3.4335000000000093
25900 3.262200000000007
26000 3.4786
26100 3.305800000000005
26200 3.5655000000000143
26300 3.2670999999999992
26400 3.288800000000009
26500 3.6792000000000087
26600 3.614200000000011
26700 3.3770000000000095
26800 3.6193000000000097
26900 3.4446000000000083
27000 3.4631000000000114
27100 3.5990000000000038
27200 3.6010000000000275
27300 3.6058000000000163
27400 3.765800000000013
27500 3.600800000000021
27600 3.4532000000000096
27700 3.365000000000009
27800 3.5614000000000203
27900 3.487300000000019
28000 3.643799999999999
28100 3.6888000000000147
28200 3.5847000000000264
28300 3.8617000000000132
28400 3.6524
28500 3.7990000000000066
28600 3.6240999999999985
28700 3.6680000000000064
28800 3.9403000000000077
28900 3.829499999999996
29000 3.822100000000006
29100 3.9209000000000174
29200 3.8296000000000134
29300 3.86190000000002
29400 4.00630000000001
29500 4.087900000000019
29600 3.841300000000018
29700 3.6818000000000097
29800 3.785800000000009
29900 3.832400000000007
30000 3.827500000000015
30100 3.758400000000009
30200 3.955200000000005
30300 3.8352000000000146
30400 3.7856000000000165
30500 4.004700000000014
30600 3.9687000000000126
30700 4.237600000000015
30800 4.210700000000003
30900 4.047500000000014
31000 4.0663000000000125
31100 4.09050000000002
31200 4.101300000000009
31300 4.225899999999996
31400 4.261900000000011
31500 3.935800000000029
31600 3.9761000000000166
31700 4.1025000000000205
31800 4.160500000000013
31900 3.988700000000023
32000 4.083600000000018
32100 3.995500000000021
32200 4.067300000000017
32300 4.1676000000000215
32400 4.136900000000026
32500 4.262400000000014
32600 4.122000000000014
32700 4.019300000000015
32800 4.1203000000000145
32900 4.165300000000002
33000 4.17240000000001
33100 4.2316000000000145
33200 4.003600000000006
33300 4.238200000000006
33400 4.010300000000015
33500 4.069400000000002
33600 3.8003000000000213
33700 4.011600000000016
33800 4.160300000000021
33900 4.477500000000006
34000 4.454600000000013
34100 4.579900000000009
34200 4.2760000000000105
34300 4.308800000000019
34400 4.3700000000000045
34500 4.383900000000011
34600 4.457800000000006
34700 4.372500000000002
34800 4.437300000000022
34900 4.2608000000000175
35000 4.471600000000009
35100 4.930000000000007
35200 4.706000000000017
35300 4.632300000000015
35400 4.699300000000008
35500 4.737700000000004
35600 4.633700000000019
35700 4.505400000000009
35800 4.810800000000015
35900 4.68780000000001
36000 4.551500000000004
36100 4.558500000000009
36200 4.609100000000012
36300 4.497300000000024
36400 4.314300000000003
36500 4.16640000000001
36600 4.1584
36700 4.08420000000001
36800 4.143000000000015
36900 4.312600000000003
37000 4.368500000000012
37100 4.246900000000011
37200 4.422700000000006
37300 4.4635000000000105
37400 4.4620000000000175
37500 4.798000000000002
37600 4.973500000000001
37700 5.093500000000006
37800 5.039800000000014
37900 5.204400000000007
38000 5.498000000000019
38100 5.601400000000012
38200 5.613400000000013
38300 5.428000000000026
38400 5.635700000000014
38500 5.526200000000017
38600 5.781800000000004
38700 5.946200000000019
38800 6.051900000000018
38900 5.756200000000007
39000 5.8030000000000115
39100 5.991900000000015
39200 5.490000000000009
39300 5.599400000000017
39400 5.589400000000012
39500 5.8075000000000045
39600 5.7205000000000155
39700 5.672200000000004
39800 5.771000000000015
39900 5.686600000000013
40000 5.608000000000004
40100 5.744000000000014
40200 5.646800000000013
40300 5.561700000000002
40400 5.849300000000028
40500 5.944700000000012
40600 5.898600000000016
40700 6.018800000000027
40800 6.054000000000016
40900 6.106100000000026
41000 5.910700000000006
41100 6.13160000000002
41200 6.296500000000009
41300 6.073000000000022
41400 5.985500000000002
41500 6.21380000000002
41600 6.1000000000000085
41700 6.040900000000022
41800 6.154300000000006
41900 6.287400000000019
42000 6.408900000000017
42100 6.616300000000024
42200 6.304300000000012
42300 6.061200000000014
42400 6.370599999999996
42500 6.286300000000011
42600 6.322100000000006
42700 6.311700000000016
42800 6.275600000000011
42900 6.388300000000015
43000 6.506900000000002
43100 6.481700000000018
43200 6.381700000000009
43300 6.722000000000008
43400 6.687100000000015
43500 6.731700000000018
43600 6.490800000000007
43700 6.5619000000000085
43800 6.978200000000015
43900 6.968299999999999
44000 6.858699999999999
44100 6.8078000000000145
44200 6.917500000000018
44300 7.0131000000000085
44400 7.224100000000021
44500 7.051700000000011
44600 6.854000000000013
44700 7.052200000000013
44800 7.100000000000023
44900 7.160700000000006
45000 7.169900000000013
45100 7.000500000000017
45200 7.289400000000015
45300 7.13900000000001
45400 6.960800000000006
45500 7.0885000000000105
45600 7.406600000000012
45700 7.017600000000016
45800 7.100500000000011
45900 7.212700000000012
46000 7.286100000000005
46100 7.20780000000002
46200 7.423000000000016
46300 7.425000000000011
46400 7.5214
46500 7.5911000000000115
46600 7.492000000000019
46700 7.409700000000015
46800 7.559899999999999
46900 7.517700000000019
47000 7.487100000000012
47100 7.748000000000019
47200 7.6329000000000065
47300 7.691100000000006
47400 7.492200000000011
47500 7.703800000000015
47600 7.65270000000001
47700 7.780200000000008
47800 7.883200000000016
47900 7.770500000000013
48000 8.104100000000017
48100 7.864200000000011
48200 8.062600000000018
48300 7.991700000000009
48400 8.028500000000008
48500 7.962900000000005
48600 8.066900000000018
48700 7.90900000000002
48800 8.425700000000006
48900 8.203000000000017
49000 7.960200000000015
49100 8.300400000000025
49200 7.939900000000023
49300 8.350000000000023
49400 8.40140000000001
49500 8.154800000000009
49600 8.5745
49700 8.526700000000005
49800 8.369400000000013
49900 8.398300000000006
50000 8.351700000000008
50100 8.511700000000019
50200 8.568900000000014
50300 8.737700000000018
50400 8.931200000000018
50500 8.807300000000012
50600 8.749900000000011
50700 8.623800000000017
50800 8.597200000000015
50900 8.473300000000009
51000 8.581200000000024
51100 8.750200000000007
51200 8.685000000000002
51300 8.645900000000012
51400 8.695600000000013
51500 9.064600000000013
51600 8.80110000000002
51700 8.850099999999998
51800 8.73060000000001
51900 8.829400000000007
52000 9.069400000000016
52100 8.907600000000002
52200 8.784400000000005
52300 9.002700000000004
52400 8.9863
52500 8.914800000000014
52600 9.267200000000017
52700 8.987200000000016
52800 9.252700000000004
52900 9.207999999999998
53000 9.36630000000001
53100 9.25370000000001
53200 9.206400000000002
53300 9.109200000000016
53400 9.370100000000008
53500 9.288900000000012
53600 9.401100000000014
53700 9.39530000000002
53800 9.20480000000002
53900 9.401800000000009
54000 9.260100000000008
54100 9.533200000000022
54200 9.326000000000008
54300 9.505400000000009
54400 9.694400000000016
54500 9.683700000000016
54600 9.670200000000008
54700 9.723300000000023
54800 9.7106
54900 9.924600000000027
55000 9.874000000000024
55100 10.036300000000011
55200 9.93610000000001
55300 9.923200000000008
55400 10.040800000000019
55500 10.075800000000015
55600 10.182900000000004
55700 10.157100000000014
55800 10.177600000000012
55900 10.06580000000001
56000 10.090400000000017
56100 10.246800000000007
56200 10.01000000000002
56300 10.008800000000008
56400 10.232000000000014
56500 10.33590000000001
56600 10.214700000000022
56700 10.238200000000006
56800 10.322900000000004
56900 10.194400000000002
57000 10.338400000000007
57100 10.220000000000013
57200 10.283900000000017
57300 10.46220000000001
57400 10.73090000000002
57500 10.801200000000009
57600 10.72920000000002
57700 10.613900000000015
57800 10.958200000000005
57900 10.791200000000003
58000 10.897300000000001
58100 10.893799999999999
58200 10.828600000000023
58300 10.811800000000005
58400 10.995500000000007
58500 11.033900000000017
58600 10.668500000000023
58700 11.11630000000001
58800 11.165300000000002
58900 10.96380000000002
59000 11.237700000000018
59100 10.893700000000024
59200 10.78110000000001
59300 11.152600000000007
59400 10.788600000000017
59500 11.209900000000005
59600 11.260700000000014
59700 11.075000000000003
59800 11.396000000000015
59900 11.359200000000016
60000 11.27770000000001
60100 11.546000000000006
60200 11.47580000000002
60300 11.493800000000022
60400 11.633400000000009
60500 11.560100000000006
60600 11.785300000000007
60700 11.656300000000016
60800 11.674700000000001
60900 11.909200000000013
61000 12.023900000000012
61100 11.959100000000007
61200 12.130200000000002
61300 12.291100000000014
61400 12.132000000000005
61500 12.287300000000016
61600 12.30940000000001
61700 12.11330000000001
61800 12.570600000000013
61900 12.408800000000014
62000 12.477400000000017
62100 12.497700000000009
62200 12.542200000000008
62300 12.51830000000001
62400 12.558999999999997
62500 12.637400000000014
62600 12.58880000000002
62700 12.87530000000001
62800 13.004800000000017
62900 12.93980000000002
63000 12.725600000000014
63100 12.770500000000013
63200 12.909500000000008
63300 12.922600000000017
63400 13.066000000000003
63500 13.11020000000002
63600 13.185500000000019
63700 13.223900000000015
63800 13.4555
63900 13.527200000000008
64000 13.55840000000002
64100 13.449900000000014
64200 13.545100000000005
64300 13.712900000000019
64400 13.697700000000026
64500 13.8981
64600 13.879900000000006
64700 14.075600000000009
64800 14.010800000000017
64900 14.078900000000004
65000 13.97620000000002
65100 14.209100000000007
65200 14.19750000000002
65300 14.315900000000013
65400 14.652200000000022
65500 14.660200000000003
65600 14.92870000000002
65700 14.917300000000012
65800 15.158100000000005
65900 15.386700000000019
66000 15.417600000000007
66100 15.419200000000018
66200 15.783100000000019
66300 15.681100000000015
66400 15.774100000000018
66500 15.807200000000009
66600 16.10560000000001
66700 16.14910000000002
66800 16.38390000000001
66900 16.610100000000017
67000 16.69470000000001
67100 16.95660000000001
67200 17.206400000000002
67300 17.269200000000012
67400 17.564900000000023
67500 17.601700000000008
67600 17.7723
67700 17.845500000000015
67800 17.897700000000015
67900 18.107200000000006
68000 18.148300000000006
68100 18.350100000000026
68200 18.53240000000001
68300 18.322900000000004
68400 18.44750000000002
68500 18.530900000000003
68600 18.61360000000002
68700 18.595
68800 18.70190000000001
68900 18.84480000000002
69000 18.951999999999998
69100 18.84710000000001
69200 18.983000000000004
69300 18.864800000000017
69400 18.646100000000004
69500 18.61930000000001
69600 18.8151
69700 18.731400000000022
69800 18.820300000000003
69900 18.938900000000018
70000 18.955000000000013
70100 18.982800000000026
70200 18.972700000000017
70300 19.308200000000014
70400 19.1721
70500 18.943300000000008
70600 19.087900000000005
70700 19.286800000000014
70800 19.241600000000005
70900 19.177200000000013
71000 19.218800000000016
71100 19.20960000000001
71200 19.13810000000001
71300 19.459699999999998
71400 19.165000000000006
71500 19.261500000000012
71600 19.526100000000014
71700 19.360900000000015
71800 19.546600000000012
71900 19.69750000000002
72000 19.609100000000012
72100 19.717400000000026
72200 19.75420000000001
72300 19.756200000000007
72400 19.665600000000012
72500 19.66980000000001
72600 19.63300000000001
72700 19.653100000000023
72800 19.758500000000026
72900 19.93650000000001
73000 20.066300000000012
73100 19.936600000000013
73200 20.205600000000018
73300 20.105800000000016
73400 20.02970000000002
73500 20.10630000000002
73600 20.15210000000002
73700 20.18420000000002
73800 20.360500000000016
73900 20.189600000000013
74000 20.42100000000002
74100 20.512800000000013
74200 20.55420000000001
74300 20.570200000000014
74400 20.491600000000005
74500 20.684800000000024
74600 20.871700000000004
74700 20.652800000000013
74800 20.69070000000002
74900 20.705100000000016
75000 20.700400000000016
75100 20.801100000000005
75200 20.909700000000015
75300 20.97150000000002
75400 20.901300000000006
75500 20.95520000000002
75600 21.055200000000013
75700 21.036500000000004
75800 21.031000000000006
75900 20.99260000000001
76000 20.964900000000014
76100 21.101800000000026
76200 21.338000000000008
76300 20.980200000000025
76400 21.31110000000001
76500 21.424800000000005
76600 21.25720000000001
76700 21.487600000000015
76800 21.28500000000001
76900 21.23830000000001
77000 21.404200000000017
77100 21.35510000000002
77200 21.445800000000006
77300 21.301000000000016
77400 21.323200000000014
77500 21.5257
77600 21.511600000000016
77700 21.574700000000007
77800 21.57270000000001
77900 21.47060000000002
78000 21.445700000000016
78100 21.395100000000014
78200 21.460000000000008
78300 21.437399999999997
78400 21.658800000000014
78500 21.57560000000001
78600 21.455700000000007
78700 21.83630000000001
78800 21.571100000000015
78900 21.612100000000027
79000 21.54140000000001
79100 21.78880000000001
79200 21.620300000000015
79300 21.715700000000027
79400 21.586500000000015
79500 21.699100000000016
79600 21.86870000000002
79700 21.951099999999997
79800 21.948700000000017
79900 22.093700000000013
80000 21.927400000000006
80100 21.98610000000002
80200 22.243000000000023
80300 22.24300000000001
80400 22.10930000000002
80500 22.15810000000002
80600 22.36020000000002
80700 22.164200000000022
80800 22.337000000000018
80900 22.302900000000022
81000 22.211000000000013
81100 22.432300000000012
81200 22.450200000000024
81300 22.254300000000015
81400 22.38340000000001
81500 22.40360000000001
81600 22.452000000000027
81700 22.535500000000013
81800 22.71850000000002
81900 22.652600000000007
82000 22.693700000000007
82100 22.786200000000008
82200 22.934500000000014
82300 22.98860000000002
82400 22.927200000000028
82500 22.95320000000001
82600 23.02130000000001
82700 23.26340000000002
82800 23.25060000000002
82900 23.183200000000014
83000 23.2431
83100 23.241800000000012
83200 23.31840000000001
83300 23.298100000000005
83400 23.292699999999996
83500 23.425600000000017
83600 23.48220000000002
83700 23.461300000000023
83800 23.387500000000017
83900 23.40650000000001
84000 23.240700000000004
84100 23.378800000000012
84200 23.467000000000013
84300 23.409700000000015
84400 23.404100000000014
84500 23.5
84600 23.630200000000002
84700 23.509900000000016
84800 23.633200000000016
84900 23.46680000000002
85000 23.673000000000016
85100 23.556600000000003
85200 23.718700000000013
85300 23.664400000000015
85400 23.622500000000002
85500 23.801600000000008
85600 23.627100000000013
85700 23.6909
85800 23.902000000000015
85900 23.911600000000007
86000 23.733100000000007
86100 23.80380000000001
86200 23.804600000000008
86300 24.080700000000007
86400 23.96550000000002
86500 23.90810000000002
86600 24.012900000000002
86700 23.968300000000013
86800 24.137
86900 23.960800000000006
87000 24.066400000000016
87100 24.175200000000018
87200 24.256
87300 24.316699999999997
87400 24.092100000000016
87500 24.061000000000007
87600 24.235300000000024
87700 24.324600000000004
87800 24.24220000000001
87900 24.338700000000017
88000 24.613
88100 24.643400000000014
88200 24.52400000000003
88300 24.653100000000023
88400 24.769200000000012
88500 24.616100000000017
88600 24.670000000000016
88700 24.87050000000002
88800 24.785300000000007
88900 24.753900000000016
89000 24.89620000000002
89100 25.103700000000018
89200 24.98320000000001
89300 24.84280000000001
89400 25.17320000000001
89500 25.082400000000007
89600 24.886800000000022
89700 24.923900000000017
89800 25.134800000000013
89900 25.058300000000017
90000 25.155500000000018
90100 25.132300000000015
90200 25.045600000000007
90300 25.11460000000001
90400 25.340100000000007
90500 25.309500000000014
90600 25.35680000000002
90700 25.19410000000002
90800 25.220100000000016
90900 25.57940000000002
91000 25.489500000000007
91100 25.406400000000005
91200 25.33710000000002
91300 25.588400000000007
91400 25.572000000000003
91500 25.602900000000005
91600 25.52600000000001
91700 25.671300000000016
91800 25.7277
91900 25.867200000000025
92000 25.818000000000012
92100 25.700900000000004
92200 25.885800000000003
92300 25.8352
92400 25.906400000000005
92500 26.054300000000012
92600 25.85430000000001
92700 25.950400000000002
92800 26.00920000000002
92900 25.912499999999994
93000 26.259800000000013
93100 26.307000000000002
93200 26.149100000000004
93300 26.228100000000026
93400 26.09060000000001
93500 26.165999999999997
93600 26.448000000000008
93700 26.276100000000014
93800 26.22110000000002
93900 26.202300000000022
94000 26.281900000000007
94100 26.35650000000001
94200 26.247800000000012
94300 26.297699999999992
94400 26.420100000000005
94500 26.45440000000002
94600 26.42150000000001
94700 26.48300000000002
94800 26.37090000000002
94900 26.469600000000014
95000 26.807500000000005
95100 26.74090000000001
95200 26.7432
95300 26.88530000000003
95400 26.62870000000001
95500 26.82050000000001
95600 26.813000000000017
95700 26.909400000000005
95800 26.925100000000015
95900 26.893100000000004
96000 26.88929999999999
96100 27.034200000000027
96200 27.03480000000002
96300 27.01390000000002
96400 27.1481
96500 27.139000000000024
96600 27.368000000000023
96700 27.360199999999992
96800 27.224700000000013
96900 27.347800000000007
97000 27.2568
97100 27.262500000000003
97200 27.379400000000004
97300 27.479300000000023
97400 27.205700000000007
97500 27.338200000000015
97600 27.5248
97700 27.338400000000007
97800 27.34250000000003
97900 27.543000000000006
98000 27.39020000000002
98100 27.340200000000024
98200 27.433600000000013
98300 27.569900000000004
98400 27.35130000000001
98500 27.72320000000002
98600 27.480500000000006
98700 27.6147
98800 27.583200000000005
98900 27.62379999999999
99000 27.674800000000005
99100 27.84110000000001
99200 27.8639
99300 27.967600000000004
99400 27.9478
99500 27.825700000000012
99600 27.989499999999992
99700 28.172900000000013
99800 27.875900000000016
99900 28.102400000000017
100000 28.23090000000002
100100 28.335900000000024
100200 28.189900000000023
100300 28.243400000000022
100400 28.0278
100500 28.280700000000024
100600 28.263000000000005
100700 28.282600000000016
100800 28.405900000000003
100900 28.472700000000017
101000 28.530800000000028
101100 28.51570000000001
101200 28.599300000000014
101300 28.7329
101400 28.6447
101500 28.346400000000003
101600 28.201000000000022
101700 28.32340000000002
101800 28.742300000000014
101900 28.525499999999994
102000 28.494200000000035
102100 28.560900000000004
102200 28.638199999999998
102300 28.461900000000014
102400 28.64110000000001
102500 28.750200000000007
102600 28.853400000000022
102700 28.855700000000013
102800 28.929400000000015
102900 28.807600000000008
103000 28.90379999999999
103100 28.910700000000006
103200 28.769200000000012
103300 28.6918
103400 29.132500000000007
103500 29.086000000000013
103600 29.36700000000002
103700 29.130100000000013
103800 29.369500000000016
103900 29.363100000000003
104000 29.423300000000012
104100 29.47410000000002
104200 29.466700000000003
104300 29.36420000000001
104400 29.36530000000002
104500 29.385100000000023
104600 29.462699999999998
104700 29.3493
104800 29.45840000000001
104900 29.51170000000002
105000 29.656000000000006
105100 29.748899999999992
105200 29.673100000000005
105300 29.593600000000023
105400 29.80880000000002
105500 29.884199999999993
105600 29.7843
105700 29.750800000000027
105800 29.751500000000007
105900 30.0548
106000 30.018500000000017
106100 29.93670000000003
106200 30.0368
106300 30.141400000000004
106400 30.140400000000014
106500 30.07510000000002
106600 30.092
106700 30.146299999999997
106800 30.235000000000014
106900 30.064400000000006
107000 30.172300000000007
107100 30.192600000000027
107200 30.18810000000002
107300 30.24170000000001
107400 30.344000000000023
107500 30.488400000000013
107600 30.445099999999996
107700 30.271500000000003
107800 30.542800000000028
107900 30.43750000000003
108000 30.47460000000001
108100 30.444400000000016
108200 30.488900000000015
108300 30.587300000000027
108400 30.638500000000022
108500 30.587000000000018
108600 30.531500000000023
108700 30.490500000000026
108800 30.980500000000006
108900 30.737400000000008
109000 30.869200000000006
109100 30.77940000000001
109200 30.830000000000013
109300 30.920400000000015
109400 30.809799999999996
109500 30.820700000000002
109600 31.00260000000003
109700 31.054400000000015
109800 30.7765
109900 31.067899999999995
110000 31.242100000000022
110100 31.068299999999994
110200 31.114900000000006
110300 31.00060000000002
110400 31.37360000000001
110500 31.3468
110600 31.284900000000007
110700 31.41800000000002
110800 31.340000000000003
110900 31.421300000000016
111000 31.71860000000001
111100 31.5993
111200 31.304400000000015
111300 31.399500000000003
111400 31.55879999999999
111500 31.438800000000015
111600 31.644500000000022
111700 31.707000000000022
111800 31.731600000000014
111900 31.825400000000016
112000 31.881300000000024
112100 31.86970000000001
112200 31.78310000000002
112300 31.775100000000023
112400 31.677600000000012
112500 31.60930000000002
112600 31.767200000000003
112700 31.644200000000012
112800 31.699600000000018
112900 31.79230000000001
113000 32.1662
113100 32.00960000000002
113200 31.90700000000001
113300 32.0283
113400 32.23510000000002
113500 32.035700000000006
113600 32.189800000000005
113700 32.2534
113800 32.08360000000002
113900 31.943000000000012
114000 32.1893
114100 32.32760000000002
114200 32.44370000000002
114300 32.47470000000001
114400 32.44420000000002
114500 32.57270000000001
114600 32.4868
114700 32.79920000000001
114800 32.45790000000002
114900 32.86910000000003
115000 32.81680000000003
115100 32.94890000000001
115200 32.685
115300 32.776300000000006
115400 32.731200000000015
115500 33.014600000000016
115600 32.81700000000002
115700 32.87960000000001
115800 32.61120000000001
115900 32.6623
116000 32.7551
116100 32.8759
116200 33.070200000000014
116300 32.785000000000025
116400 32.827500000000015
116500 32.77350000000001
116600 32.943100000000015
116700 33.001700000000014
116800 33.148600000000016
116900 33.19550000000001
117000 33.09030000000001
117100 33.06830000000001
117200 33.069400000000016
117300 33.129999999999995
117400 33.11450000000002
117500 33.407100000000014
117600 33.52080000000001
117700 33.39360000000002
117800 33.32920000000003
117900 33.51660000000001
118000 33.537000000000006
118100 33.393600000000006
118200 33.34200000000001
118300 33.468199999999996
118400 33.61770000000001
118500 33.5821
118600 33.49040000000002
118700 33.57670000000002
118800 33.7599
118900 33.766700000000014
119000 33.66220000000001
119100 33.7989
119200 33.69640000000001
119300 33.83370000000002
119400 33.863800000000026
119500 34.03420000000001
119600 33.9521
119700 33.928500000000014
119800 33.93040000000002
119900 33.97280000000001
120000 34.16320000000002
120100 34.197100000000006
120200 34.074500000000015
120300 34.2732
120400 34.243300000000005
120500 34.1648
120600 34.193800000000024
120700 34.200200000000024
120800 34.2491
120900 34.6207
121000 34.34610000000002
121100 34.3065
121200 34.38550000000001
121300 34.52520000000001
121400 34.35410000000002
121500 34.41350000000003
121600 34.26870000000001
121700 34.588300000000004
121800 34.714200000000005
121900 34.8763
122000 34.579500000000024
122100 34.72840000000002
122200 34.72760000000001
122300 34.75010000000002
122400 34.84390000000002
122500 34.80850000000001
122600 34.72340000000001
122700 34.920100000000005
122800 34.89030000000001
122900 35.007400000000004
123000 34.93299999999999
123100 34.9118
123200 34.816700000000026
123300 35.048100000000005
123400 34.9881
123500 35.104500000000016
123600 35.14950000000002
123700 35.36720000000001
123800 35.2458
123900 35.16690000000003
124000 35.11040000000003
124100 35.33300000000003
124200 35.44100000000003
124300 35.30960000000002
124400 35.336100000000016
124500 35.42150000000001
124600 35.433700000000016
124700 35.57570000000001
124800 35.443100000000015
124900 35.34880000000001
125000 35.44660000000002
125100 35.40230000000001
125200 35.49220000000001
125300 35.31300000000002
125400 35.688100000000006
125500 35.6465
125600 35.6678
125700 35.59530000000001
125800 35.720500000000015
125900 36.003300000000024
126000 35.8785
126100 35.914000000000016
126200 36.02170000000001
126300 36.163400000000024
126400 36.028999999999996
126500 35.953500000000005
126600 36.1773
126700 36.04770000000002
126800 36.26350000000002
126900 36.37100000000001
127000 36.1644
127100 36.07400000000001
127200 36.27370000000002
127300 36.16440000000003
127400 36.292699999999996
127500 36.48980000000002
127600 36.22810000000001
127700 36.46100000000001
127800 36.3073
127900 36.210200000000015
128000 36.41080000000001
128100 36.525600000000026
128200 36.5343
128300 36.38110000000002
128400 36.4285
128500 36.49680000000001
128600 36.49970000000002
128700 36.7252
128800 36.74200000000002
128900 36.92010000000002
129000 36.719600000000014
129100 36.787100000000024
129200 36.7496
129300 36.79430000000002
129400 36.67490000000002
129500 36.97550000000001
129600 36.94410000000002
129700 36.94150000000002
129800 36.985500000000016
129900 37.083600000000004
130000 37.226500000000016
130100 37.18470000000002
130200 37.08640000000001
130300 37.168300000000016
130400 37.13550000000002
130500 37.26680000000002
130600 37.383399999999995
130700 37.37100000000002
130800 37.40320000000003
130900 37.35330000000002
131000 37.720699999999994
131100 37.453900000000004
131200 37.42210000000003
131300 37.59389999999999
131400 37.4935
131500 37.46290000000002
131600 37.19980000000001
131700 37.46330000000002
131800 37.48140000000001
131900 37.3562
132000 37.64320000000001
132100 37.4838
132200 37.59870000000001
132300 37.6618
132400 37.56760000000001
132500 37.62610000000004
132600 37.545500000000004
132700 37.9084
132800 37.7552
132900 37.75750000000001
133000 37.67040000000003
133100 37.70009999999999
133200 37.828599999999994
133300 37.92099999999999
133400 38.130600000000015
133500 38.11790000000002
133600 38.22630000000001
133700 38.02480000000003
133800 38.12580000000003
133900 38.168400000000005
134000 38.14670000000001
134100 38.344300000000004
134200 38.46120000000002
134300 38.126900000000006
134400 38.358300000000014
134500 38.369200000000035
134600 38.633200000000016
134700 38.32120000000002
134800 38.30660000000003
134900 38.677700000000016
135000 38.82480000000001
135100 38.567800000000005
135200 38.69020000000002
135300 38.706400000000016
135400 38.58630000000002
135500 38.525999999999996
135600 38.790300000000016
135700 38.544200000000004
135800 38.670100000000005
135900 38.56910000000002
136000 38.594200000000015
136100 38.73340000000002
136200 38.852600000000024
136300 38.6636
136400 38.57940000000001
136500 38.88680000000002
136600 38.5835
136700 38.806100000000015
136800 38.798400000000015
136900 38.83800000000001
137000 38.83130000000003
137100 38.76400000000001
137200 38.99670000000003
137300 38.883200000000016
137400 39.26650000000001
137500 39.3194
137600 39.372600000000006
137700 39.38550000000002
137800 39.15010000000001
137900 39.2856
138000 39.5189
138100 39.49719999999999
138200 39.3074
138300 39.4491
138400 39.28200000000001
138500 39.579200000000014
138600 39.83290000000001
138700 39.89110000000001
138800 39.66490000000002
138900 39.78110000000001
139000 39.86959999999999
139100 39.80850000000001
139200 39.97260000000003
139300 39.7167
139400 40.00660000000002
139500 39.91380000000001
139600 39.84970000000001
139700 40.01440000000001
139800 40.03690000000003
139900 40.09370000000001
140000 40.122000000000014
140100 40.24119999999999
140200 40.2047
140300 39.99370000000002
140400 40.06100000000001
140500 40.13290000000001
140600 40.15820000000002
140700 40.309500000000014
140800 40.24300000000002
140900 40.44930000000002
141000 40.32390000000001
141100 40.23670000000001
141200 40.49690000000001
141300 40.50750000000002
141400 40.233000000000004
141500 40.3951
141600 40.51400000000001
141700 40.487899999999996
141800 40.51320000000001
141900 40.48089999999999
142000 40.758200000000016
142100 40.67480000000003
142200 40.7167
142300 40.7088
142400 40.745400000000004
142500 40.76750000000001
142600 40.761300000000006
142700 40.75970000000001
142800 41.206999999999994
142900 40.97520000000003
143000 41.03970000000001
143100 40.997000000000014
143200 41.045000000000016
143300 40.96200000000002
143400 41.1712
143500 41.17700000000001
143600 41.45840000000001
143700 41.13650000000001
143800 41.357800000000026
143900 41.50080000000003
144000 41.244200000000006
144100 41.49370000000002
144200 41.34780000000001
144300 41.411400000000015
144400 41.632600000000025
144500 41.2611
144600 41.45760000000001
144700 41.610900000000015
144800 41.34470000000002
144900 41.529700000000005
145000 41.45760000000001
145100 41.286400000000015
145200 41.59740000000001
145300 41.67830000000001
145400 41.5887
145500 41.77500000000002
145600 41.77800000000002
145700 41.7749
145800 41.886700000000005
145900 41.71430000000002
146000 41.75580000000002
146100 41.97280000000002
146200 41.84880000000001
146300 41.90080000000002
146400 41.9906
146500 41.95840000000001
146600 42.06280000000001
146700 41.93690000000001
146800 41.95429999999999
146900 42.09450000000001
147000 42.137900000000016
147100 41.97380000000001
147200 42.10020000000003
147300 42.162400000000005
147400 42.18900000000001
147500 42.1054
147600 42.317700000000016
147700 42.169400000000024
147800 42.14660000000001
147900 42.16160000000002
148000 42.34400000000001
148100 42.18020000000001
148200 42.247299999999996
148300 42.38980000000002
148400 42.254700000000014
148500 42.61110000000002
148600 42.3203
148700 42.45830000000002
148800 42.7551
148900 42.501000000000005
149000 42.699600000000004
149100 42.77540000000002
149200 42.761600000000016
149300 42.576899999999995
149400 42.66060000000002
149500 42.741900000000015
149600 43.02600000000001
149700 42.833200000000005
149800 42.997000000000014
149900 43.12930000000003
150000 42.893700000000024
150100 43.0523
150200 42.988800000000026
150300 43.221600000000024
150400 43.17920000000001
150500 43.01140000000002
150600 43.32220000000001
150700 43.50850000000001
150800 43.308100000000024
150900 43.36420000000001
151000 43.34580000000001
151100 43.2548
151200 43.31890000000001
151300 43.530300000000025
151400 43.35400000000001
151500 43.27320000000002
151600 43.54510000000002
151700 43.55590000000004
151800 43.721900000000005
151900 43.63460000000002
152000 43.54590000000002
152100 43.53650000000002
152200 43.76190000000001
152300 43.967
152400 43.789600000000036
152500 43.61500000000001
152600 43.7487
152700 43.71530000000001
152800 43.935900000000004
152900 43.98120000000003
153000 44.07780000000001
153100 44.04900000000002
153200 44.06370000000001
153300 44.093900000000005
153400 43.955400000000026
153500 44.1652
153600 44.052400000000006
153700 44.11250000000001
153800 44.34660000000001
153900 44.13100000000003
154000 44.3468
154100 44.11740000000002
154200 44.2773
154300 44.471599999999995
154400 44.330600000000004
154500 44.40650000000002
154600 44.40070000000003
154700 44.599200000000025
154800 44.43690000000001
154900 44.56420000000003
155000 44.47810000000001
155100 44.429700000000025
155200 44.668000000000006
155300 44.889300000000006
155400 44.697599999999994
155500 44.746900000000025
155600 44.75050000000002
155700 44.727599999999995
155800 44.77420000000001
155900 45.00430000000003
156000 44.86000000000003
156100 44.866600000000034
156200 44.80250000000002
156300 44.85110000000002
156400 45.12680000000002
156500 44.8223
156600 45.087800000000016
156700 45.08060000000002
156800 45.0252
156900 45.02380000000001
157000 45.2136
157100 45.08560000000003
157200 44.75919999999999
157300 45.217600000000004
157400 45.213600000000014
157500 45.12040000000002
157600 45.16050000000001
157700 45.113699999999994
157800 45.349500000000006
157900 45.27850000000001
158000 45.10800000000002
158100 45.26680000000002
158200 45.52620000000002
158300 45.215
158400 45.39330000000001
158500 45.511700000000005
158600 45.670000000000016
158700 45.744900000000015
158800 45.3947
158900 45.23620000000001
159000 45.46469999999999
159100 45.87550000000002
159200 45.66710000000002
159300 45.679300000000026
159400 45.62310000000001
159500 45.900700000000015
159600 45.970699999999994
159700 45.8856
159800 45.7372
159900 45.87820000000001
160000 45.72920000000002
160100 45.90720000000002
