10100 0.0
10200 0.18679999999999097
10300 0.3230999999999966
10400 0.34140000000000015
10500 0.3025999999999982
10600 0.2962999999999951
10700 0.3038999999999916
10800 0.31460000000000576
10900 0.3131999999999948
11000 0.5807000000000002
11100 0.2650999999999968
11200 0.28369999999998896
11300 0.2539999999999978
11400 0.2306999999999917
11500 0.09329999999999927
11600 0.2072999999999965
11700 -0.04010000000000247
11800 0.07179999999999609
11900 0.2623999999999995
12000 0.02189999999998804
12100 0.3211999999999904
12200 0.04189999999999117
12300 0.1377999999999986
12400 -0.10620000000000118
12500 0.12420000000000186
12600 -0.009800000000005582
12700 0.00730000000000075
12800 0.20219999999999771
12900 0.11749999999999972
13000 0.07319999999999993
13100 0.25019999999999243
13200 0.11019999999999897
13300 0.3148999999999944
13400 0.17379999999999285
13500 0.3667999999999907
13600 0.38059999999998695
13700 0.43489999999999185
13800 0.44939999999999714
13900 0.34189999999999543
14000 0.47279999999999234
14100 0.3976999999999933
14200 0.4388000000000005
14300 0.34559999999999746
14400 0.6541999999999959
14500 0.5274000000000001
14600 0.5397999999999996
14700 0.4841999999999871
14800 0.451599999999992
14900 0.21349999999999625
15000 0.20199999999999818
15100 0.4416999999999973
15200 0.6124999999999972
15300 0.6556999999999888
15400 0.3684999999999974
15500 0.2248000000000019
15600 0.27479999999999905
15700 0.4403999999999897
15800 0.4180999999999955
15900 0.4164999999999921
16000 0.23610000000000042
16100 0.6056999999999917
16200 0.1910999999999916
16300 0.33670000000000044
16400 0.3930999999999969
16500 0.42210000000000036
16600 0.49979999999999336
16700 0.3377999999999872
16800 0.38629999999999143
16900 0.3434999999999988
17000 0.32339999999999947
17100 0.29060000000000485
17200 0.4147999999999925
17300 0.33199999999999363
17400 0.22649999999999437
17500 0.15750000000000597
17600 0.32509999999999906
17700 0.11519999999999442
17800 0.2266999999999868
17900 0.23470000000000368
18000 0.4292999999999978
18100 -0.017900000000004468
18200 0.3417999999999992
18300 0.2125999999999877
18400 0.23760000000000048
18500 0.031199999999991235
18600 0.14679999999999183
18700 0.21079999999999188
18800 0.08629999999998716
18900 0.2505999999999986
19000 0.18610000000000326
19100 0.13880000000000337
19200 0.2518999999999991
19300 0.24170000000000158
19400 0.4479999999999933
19500 0.48639999999999617
19600 0.35599999999999454
19700 0.3019999999999996
19800 0.41199999999999903
19900 0.45179999999999865
20000 0.3301999999999907
20100 0.43309999999999604
20200 0.5774000000000044
20300 0.4853999999999914
20400 0.5498000000000047
20500 0.33509999999998996
20600 0.33139999999999503
20700 0.23349999999999937
20800 0.2452999999999932
20900 0.37639999999999674
21000 0.35839999999999606
21100 0.3778999999999968
21200 0.38980000000000103
21300 0.37309999999998666
21400 0.5339999999999989
21500 0.6972999999999914
21600 0.527799999999992
21700 0.5313000000000017
21800 0.3660999999999959
21900 0.4609000000000023
22000 0.3563000000000045
22100 0.640199999999993
22200 0.4328999999999965
22300 0.5641999999999925
22400 0.6912999999999911
22500 0.7441999999999993
22600 0.8404999999999987
22700 0.617999999999995
22800 0.4531999999999954
22900 0.47229999999999706
23000 0.5790000000000006
23100 0.5694000000000017
23200 0.7761999999999958
23300 0.764400000000002
23400 0.8304999999999936
23500 0.6968000000000032
23600 0.7826000000000022
23700 0.7064999999999912
23800 0.6379999999999981
23900 0.6319000000000017
24000 0.7852999999999994
24100 0.602099999999993
24200 0.8894999999999911
24300 0.6603999999999957
24400 0.5396000000000001
24500 0.7867999999999995
24600 0.686399999999999
24700 0.5366999999999962
24800 0.5272999999999968
24900 0.7350999999999885
25000 0.6270999999999987
25100 0.8152000000000044
25200 0.694599999999987
25300 0.727499999999992
25400 0.6858999999999966
25500 0.7900999999999954
25600 0.7901999999999987
25700 0.8639999999999972
25800 0.5343000000000018
25900 0.7446999999999946
26000 0.6207999999999956
26100 0.9378999999999991
26200 0.8012999999999906
26300 0.7678999999999974
26400 0.8633999999999986
26500 0.7057000000000002
26600 0.6599999999999966
26700 0.7030999999999921
26800 0.7642999999999915
26900 0.8812999999999889
27000 0.845799999999997
27100 0.8747000000000043
27200 0.8020999999999887
27300 0.8539999999999992
27400 0.8209999999999908
27500 0.7110999999999947
27600 0.8371999999999957
27700 0.910899999999998
27800 0.8524999999999991
27900 1.039200000000001
28000 1.0756000000000014
28100 0.860199999999999
28200 0.8607999999999976
28300 0.8340000000000032
28400 0.8651999999999944
28500 0.8888999999999996
28600 0.8789999999999978
28700 0.8937999999999917
28800 0.9994999999999976
28900 0.8360999999999947
29000 0.7557999999999865
29100 1.0106000000000037
29200 0.8909999999999982
29300 0.8825000000000003
29400 0.9165999999999954
29500 0.7697999999999894
29600 1.184199999999997
29700 0.8545000000000016
29800 0.9857999999999905
29900 0.9391999999999996
30000 0.943000000000005
30100 1.1211999999999946
30200 1.1861000000000033
30300 1.174599999999991
30400 0.9369999999999905
30500 0.988599999999991
30600 1.0226999999999862
30700 1.0578999999999965
30800 1.0696000000000012
30900 1.0811999999999884
31000 0.9131
31100 1.2268999999999934
31200 0.9223999999999961
31300 1.0538000000000025
31400 1.2378
31500 1.0755999999999872
31600 1.0785999999999873
31700 1.187100000000001
31800 1.0923999999999978
31900 1.0529999999999973
32000 1.1418999999999926
32100 0.9067999999999969
32200 1.2493999999999943
32300 1.12169999999999
32400 1.1589999999999918
32500 1.2661000000000016
32600 1.0501999999999967
32700 1.2248000000000019
32800 1.2436999999999898
32900 1.232999999999997
33000 1.2179999999999893
33100 1.2845999999999975
33200 1.382099999999994
33300 1.5534999999999997
33400 1.253399999999992
33500 1.3429999999999893
33600 1.3326999999999956
33700 1.492999999999995
33800 1.6310999999999893
33900 1.4960999999999913
34000 1.5877999999999943
34100 1.5886999999999958
34200 1.5764999999999958
34300 1.6993999999999971
34400 1.7460000000000022
34500 1.8888999999999996
34600 1.8177999999999912
34700 1.7079000000000022
34800 2.059100000000001
34900 1.7156999999999911
35000 2.003399999999992
35100 1.7513000000000005
35200 1.9810000000000016
35300 1.7875999999999976
35400 1.7394999999999925
35500 1.642799999999994
35600 1.7915999999999883
35700 1.7642999999999986
35800 1.7040999999999897
35900 1.7080999999999946
36000 1.781800000000004
36100 1.8019999999999996
36200 1.7219999999999942
36300 1.6938999999999993
36400 1.6718999999999866
36500 1.752200000000002
36600 1.7380999999999958
36700 1.6818000000000026
36800 1.8340000000000032
36900 1.9321000000000055
37000 1.8143999999999991
37100 1.6731000000000051
37200 1.8103999999999942
37300 1.7861999999999938
37400 1.8538999999999888
37500 1.745599999999996
37600 1.9972999999999956
37700 2.069999999999993
37800 1.9098000000000042
37900 2.208599999999997
38000 2.0349000000000004
38100 2.169400000000003
38200 2.1104999999999947
38300 2.3522000000000034
38400 2.0382000000000033
38500 2.0731999999999857
38600 2.2661999999999907
38700 2.26039999999999
38800 2.3589999999999876
38900 2.352399999999996
39000 2.3260000000000005
39100 2.253399999999999
39200 2.398299999999999
39300 2.4343000000000004
39400 2.350599999999993
39500 2.6281999999999925
39600 2.4321999999999946
39700 2.350299999999997
39800 2.629499999999993
39900 2.667200000000001
40000 2.228199999999994
40100 2.5320999999999927
40200 2.4554999999999936
40300 2.5200999999999993
40400 2.659399999999998
40500 2.6188999999999965
40600 2.5168999999999997
40700 2.8486000000000047
40800 2.928599999999996
40900 3.0457999999999927
41000 3.085899999999988
41100 2.9990999999999985
41200 2.7957999999999927
41300 3.153199999999991
41400 3.0922999999999874
41500 3.2823000000000064
41600 3.4558000000000035
41700 3.2032000000000025
41800 3.313600000000001
41900 3.462200000000003
42000 3.440499999999993
42100 3.3278999999999996
42200 3.4359000000000037
42300 3.237499999999997
42400 3.1584999999999965
42500 3.324299999999994
42600 2.994799999999998
42700 3.6676999999999893
42800 3.3922999999999988
42900 3.5039000000000016
43000 3.3922999999999917
43100 3.5164999999999864
43200 3.2912999999999997
43300 3.5989999999999966
43400 3.967099999999995
43500 3.738299999999988
43600 3.759699999999995
43700 3.8706999999999923
43800 3.8234999999999957
43900 3.521099999999997
44000 3.7890999999999906
44100 3.920900000000003
44200 3.7730999999999995
44300 3.6677999999999926
44400 3.924100000000003
44500 3.8822999999999936
44600 3.954199999999986
44700 4.198300000000003
44800 3.926799999999993
44900 4.066700000000004
45000 4.058499999999995
45100 3.937099999999994
45200 4.072499999999998
45300 4.0771000000000015
45400 3.8745999999999867
45500 4.079899999999995
45600 4.155699999999996
45700 4.088300000000004
45800 4.134699999999988
45900 4.278399999999998
46000 4.276599999999988
46100 4.269899999999993
46200 4.423399999999994
46300 4.564599999999999
46400 4.394899999999993
46500 4.277199999999986
46600 4.383799999999994
46700 4.605399999999996
46800 4.501899999999999
46900 4.477399999999996
47000 4.355899999999998
47100 4.5304
47200 4.280099999999997
47300 4.4839999999999876
47400 4.8104999999999976
47500 4.445900000000002
47600 4.658299999999997
47700 4.597499999999997
47800 4.564499999999988
47900 4.7254000000000005
48000 4.748899999999992
48100 4.8167999999999935
48200 4.762699999999995
48300 4.870999999999995
48400 4.983400000000003
48500 4.5271999999999935
48600 4.94639999999999
48700 4.763599999999997
48800 4.7905000000000015
48900 4.93739999999999
49000 4.995199999999997
49100 4.994799999999998
49200 4.97679999999999
49300 4.85029999999999
49400 4.897300000000001
49500 5.045999999999992
49600 4.791799999999988
49700 5.336499999999994
49800 5.227200000000003
49900 5.0815000000000055
50000 5.472399999999993
50100 5.275699999999993
50200 5.269599999999997
50300 5.302899999999994
50400 5.402699999999996
50500 5.513099999999994
50600 5.372899999999994
50700 5.530499999999989
50800 5.645600000000002
50900 5.2742999999999896
51000 5.538499999999999
51100 5.933099999999996
51200 5.604700000000001
51300 5.565899999999992
51400 5.865199999999987
51500 5.6847999999999885
51600 5.767800000000001
51700 5.728999999999999
51800 5.628699999999995
51900 5.913899999999991
52000 5.887299999999996
52100 5.828700000000005
52200 5.807700000000004
52300 5.96929999999999
52400 6.075399999999995
52500 6.1372
52600 5.8929999999999865
52700 6.328299999999999
52800 6.1850999999999985
52900 6.039199999999987
53000 6.033399999999993
53100 6.07589999999999
53200 5.926299999999998
53300 6.106999999999999
53400 6.1422000000000025
53500 6.068199999999997
53600 6.365899999999989
53700 6.257100000000001
53800 6.256899999999995
53900 6.240899999999989
54000 6.306199999999997
54100 6.333499999999994
54200 6.306199999999997
54300 6.540300000000002
54400 6.472299999999997
54500 6.4084999999999965
54600 6.495899999999992
54700 6.597799999999992
54800 6.665399999999991
54900 6.558299999999996
55000 6.733499999999992
55100 6.73749999999999
55200 6.6159999999999926
55300 6.9116
55400 6.903799999999997
55500 7.1055999999999955
55600 6.986399999999996
55700 6.995899999999992
55800 6.914100000000005
55900 7.125
56000 7.093999999999994
56100 7.060299999999998
56200 7.289099999999998
56300 7.26489999999999
56400 7.149499999999989
56500 7.176099999999998
56600 7.586499999999987
56700 7.465899999999991
56800 7.443300000000001
56900 7.396799999999992
57000 7.701599999999999
57100 7.597199999999994
57200 7.840199999999996
57300 7.846499999999999
57400 7.70409999999999
57500 7.899500000000003
57600 8.007699999999993
57700 8.194499999999998
57800 8.218400000000003
57900 8.268799999999992
58000 8.578399999999995
58100 8.234200000000001
58200 8.5563
58300 8.372299999999996
58400 8.6085
58500 8.669299999999993
58600 8.4163
58700 8.764799999999987
58800 8.666699999999992
58900 8.743699999999997
59000 8.819499999999998
59100 8.553999999999995
59200 8.630599999999994
59300 8.79419999999999
59400 8.668199999999999
59500 8.438399999999994
59600 8.832099999999997
59700 8.826799999999999
59800 8.965999999999994
59900 8.86549999999999
60000 8.8412
60100 9.212600000000002
60200 9.064300000000003
60300 9.102299999999993
60400 9.256599999999999
60500 9.220699999999994
60600 9.514199999999995
60700 9.365699999999997
60800 9.601400000000005
60900 9.758399999999995
61000 9.978399999999993
61100 9.68569999999999
61200 10.20389999999999
61300 10.057199999999995
61400 10.0379
61500 10.26059999999999
61600 10.07459999999999
61700 10.321899999999992
61800 10.425199999999997
61900 10.757799999999996
62000 10.654499999999999
62100 10.448499999999996
62200 10.793299999999995
62300 10.864999999999995
62400 10.707299999999996
62500 10.965400000000002
62600 11.168299999999995
62700 11.16559999999999
62800 11.09239999999999
62900 11.159399999999998
63000 11.362899999999996
63100 10.986399999999996
63200 11.32309999999999
63300 11.499599999999994
63400 11.407999999999987
63500 11.377999999999993
63600 11.562099999999994
63700 11.613900000000001
63800 11.602599999999995
63900 11.833099999999995
64000 12.24949999999999
64100 12.081199999999995
64200 12.053199999999997
64300 12.388999999999989
64400 12.169899999999998
64500 12.547399999999996
64600 12.492199999999997
64700 12.8919
64800 12.774499999999996
64900 13.005899999999997
65000 12.901400000000002
65100 12.979099999999995
65200 13.276200000000003
65300 13.166499999999992
65400 13.641000000000005
65500 13.916999999999994
65600 14.018699999999988
65700 14.097900000000003
65800 14.3155
65900 14.490099999999991
66000 14.768799999999999
66100 15.152899999999995
66200 15.3429
66300 15.592999999999996
66400 15.839300000000001
66500 15.8975
66600 16.1212
66700 16.468199999999996
66800 16.222599999999993
66900 16.7462
67000 16.824799999999996
67100 17.528799999999997
67200 17.70559999999999
67300 17.879399999999997
67400 18.600099999999998
67500 18.709000000000003
67600 19.026600000000002
67700 19.4262
67800 19.3806
67900 19.782999999999994
68000 20.182399999999994
68100 20.366999999999997
68200 20.89049999999999
68300 21.255300000000005
68400 21.304000000000002
68500 21.332100000000004
68600 21.430499999999995
68700 21.468899999999998
68800 21.375799999999998
68900 21.481899999999996
69000 21.4929
69100 21.597
69200 21.57649999999999
69300 21.639500000000005
69400 21.62189999999999
69500 21.433299999999996
69600 21.7637
69700 21.769099999999995
69800 21.933699999999988
69900 21.748799999999996
70000 21.884100000000004
70100 21.866199999999992
70200 21.724600000000002
70300 22.121599999999994
70400 22.2723
70500 21.788999999999994
70600 21.809299999999986
70700 22.04309999999999
70800 21.867399999999996
70900 21.653600000000004
71000 22.068499999999993
71100 21.520599999999988
71200 21.66709999999999
71300 21.522099999999995
71400 21.750899999999994
71500 21.70089999999999
71600 21.519899999999993
71700 21.436499999999995
71800 21.178599999999996
71900 21.347099999999998
72000 21.70479999999999
72100 21.398699999999998
72200 21.574099999999994
72300 21.680499999999995
72400 21.6049
72500 21.530100000000004
72600 21.667199999999994
72700 21.764899999999997
72800 21.736099999999993
72900 21.878100000000003
73000 21.71159999999999
73100 21.8788
73200 22.17
73300 21.926699999999997
73400 21.7731
73500 21.749999999999993
73600 22.07479999999999
73700 21.983699999999992
73800 22.0372
73900 21.96889999999999
74000 22.265700000000002
74100 22.108999999999988
74200 22.2849
74300 22.387300000000003
74400 22.491400000000006
74500 22.6603
74600 22.607299999999988
74700 22.933199999999992
74800 22.785200000000003
74900 22.76169999999999
75000 22.804999999999993
75100 22.5938
75200 23.0334
75300 22.897699999999993
75400 22.95449999999999
75500 23.437699999999992
75600 23.079699999999995
75700 23.143399999999993
75800 23.25099999999999
75900 23.33509999999999
76000 23.366300000000003
76100 23.20259999999999
76200 23.205600000000004
76300 23.45559999999999
76400 23.278599999999997
76500 23.227599999999995
76600 23.5321
76700 23.320499999999996
76800 23.235999999999997
76900 23.229899999999994
77000 23.2682
77100 23.280399999999993
77200 23.098200000000006
77300 23.36419999999999
77400 23.087199999999996
77500 22.942699999999995
77600 23.3104
77700 23.2491
77800 23.135999999999996
77900 23.347399999999993
78000 23.507099999999987
78100 23.1991
78200 23.050699999999992
78300 23.2046
78400 22.9792
78500 23.022400000000005
78600 22.9429
78700 23.17929999999999
78800 23.102299999999993
78900 23.161399999999993
79000 23.278099999999988
79100 23.2078
79200 23.13599999999999
79300 23.3878
79400 23.469300000000004
79500 23.273200000000003
79600 23.3042
79700 23.6115
79800 23.336599999999997
79900 23.17239999999999
80000 23.32499999999999
80100 23.03329999999999
80200 23.245099999999994
80300 23.113899999999994
80400 23.315099999999994
80500 23.6186
80600 23.243300000000005
80700 23.352199999999996
80800 23.292399999999994
80900 23.421899999999994
81000 23.830800000000004
81100 23.744899999999987
81200 23.69979999999999
81300 23.785799999999995
81400 23.711
81500 24.044299999999993
81600 24.212799999999994
81700 24.106500000000004
81800 24.165399999999998
81900 24.420500000000004
82000 24.4557
82100 24.397299999999994
82200 24.503299999999996
82300 24.644099999999995
82400 24.47359999999999
82500 24.558899999999987
82600 24.910299999999992
82700 25.03719999999999
82800 24.9324
82900 24.979
83000 24.885400000000004
83100 25.028399999999998
83200 24.86209999999999
83300 24.801499999999997
83400 25.1047
83500 24.953399999999995
83600 25.31479999999999
83700 25.044099999999993
83800 24.97339999999999
83900 25.0952
84000 25.1751
84100 25.090999999999994
84200 25.218099999999993
84300 25.173599999999993
84400 25.101799999999997
84500 25.077400000000004
84600 25.45449999999999
84700 25.214599999999997
84800 25.143599999999992
84900 25.170999999999992
85000 25.284499999999994
85100 25.320899999999995
85200 25.012900000000002
85300 25.1406
85400 25.269600000000004
85500 25.119500000000002
85600 25.227599999999995
85700 25.173399999999994
85800 25.102999999999994
85900 25.175199999999997
86000 25.1777
86100 25.319899999999997
86200 25.190799999999996
86300 25.160999999999994
86400 25.148399999999988
86500 25.173299999999998
86600 25.264400000000002
86700 25.207299999999996
86800 25.0411
86900 25.215900000000005
87000 25.62999999999999
87100 25.296999999999997
87200 25.539599999999993
87300 25.75869999999999
87400 25.667499999999997
87500 25.621000000000002
87600 25.988199999999992
87700 25.514099999999992
87800 25.641699999999993
87900 25.7164
88000 25.992199999999997
88100 25.727099999999993
88200 25.89179999999999
88300 25.9493
88400 26.007600000000004
88500 26.271699999999996
88600 26.082899999999995
88700 26.214
88800 26.489399999999996
88900 26.345499999999994
89000 26.457599999999992
89100 26.431299999999993
89200 26.202199999999998
89300 26.286999999999992
89400 26.171699999999987
89500 26.4863
89600 26.124399999999994
89700 26.40679999999999
89800 26.503299999999996
89900 26.61629999999999
90000 26.512699999999995
90100 26.6284
90200 26.603
90300 26.664100000000005
90400 26.5357
90500 26.8097
90600 26.630899999999997
90700 26.88109999999999
90800 26.622
90900 26.792499999999997
91000 27.023699999999998
91100 26.899699999999996
91200 26.969299999999997
91300 26.9354
91400 27.2911
91500 27.321400000000004
91600 27.097700000000003
91700 27.46009999999999
91800 27.1584
91900 27.442499999999995
92000 27.4962
92100 27.2399
92200 27.4056
92300 27.46219999999999
92400 27.544499999999992
92500 27.501399999999997
92600 27.467499999999994
92700 27.812199999999997
92800 27.4035
92900 27.739800000000002
93000 27.444799999999994
93100 27.594899999999996
93200 27.591499999999996
93300 27.6931
93400 27.827200000000005
93500 27.7729
93600 27.827999999999996
93700 27.8726
93800 27.749000000000002
93900 27.932000000000002
94000 28.049899999999994
94100 27.8988
94200 27.731899999999996
94300 27.9657
94400 27.964499999999994
94500 28.3121
94600 28.31199999999999
94700 28.170899999999996
94800 28.239299999999993
94900 28.429299999999998
95000 28.1363
95100 28.386799999999994
95200 28.446599999999997
95300 28.5394
95400 28.3074
95500 28.257399999999997
95600 28.217499999999994
95700 28.409
95800 28.06929999999999
95900 28.191799999999994
96000 28.298700000000004
96100 28.37469999999999
96200 28.260099999999994
96300 28.44449999999999
96400 28.668999999999997
96500 28.831999999999994
96600 28.747999999999998
96700 28.903099999999995
96800 28.616199999999992
96900 28.8388
97000 28.67049999999999
97100 28.761699999999998
97200 28.513999999999996
97300 28.836200000000005
97400 28.72919999999999
97500 28.897699999999993
97600 28.702699999999993
97700 28.540100000000002
97800 28.503
97900 28.519599999999997
98000 28.457299999999996
98100 28.5381
98200 28.7269
98300 28.85069999999999
98400 28.916199999999996
98500 28.78069999999999
98600 28.637299999999996
98700 28.711799999999997
98800 29.031599999999997
98900 28.60819999999999
99000 28.975499999999997
99100 28.861699999999992
99200 29.1736
99300 28.91429999999999
99400 29.35779999999999
99500 29.315599999999996
99600 29.55599999999999
99700 29.418999999999997
99800 29.6689
99900 29.617799999999995
100000 29.939099999999996
100100 29.56479999999999
100200 29.63349999999999
100300 29.847499999999997
100400 30.12339999999999
100500 30.0053
100600 29.833699999999993
100700 29.929900000000004
100800 29.46399999999999
100900 29.736799999999995
101000 29.472599999999993
101100 29.7823
101200 29.5143
101300 29.62579999999999
101400 29.9304
101500 30.039399999999986
101600 29.929500000000004
101700 29.8741
101800 29.832899999999995
101900 30.004899999999992
102000 29.702799999999996
102100 30.10719999999999
102200 29.87939999999999
102300 29.92729999999999
102400 29.646399999999993
102500 29.848899999999986
102600 29.9429
102700 29.825200000000002
102800 29.654399999999995
102900 29.9685
103000 29.848100000000002
103100 29.8493
103200 30.059899999999992
103300 30.203099999999992
103400 30.27199999999999
103500 30.394699999999993
103600 30.268900000000002
103700 30.14699999999999
103800 30.267200000000003
103900 30.3814
104000 30.499899999999997
104100 30.288199999999996
104200 30.4602
104300 30.501999999999995
104400 30.575799999999994
104500 30.5432
104600 30.679399999999994
104700 30.787699999999994
104800 30.850699999999996
104900 30.96439999999999
105000 30.914999999999992
105100 31.031
105200 31.146199999999993
105300 31.1928
105400 31.37859999999999
105500 30.9405
105600 31.053600000000003
105700 31.415100000000002
105800 30.8209
105900 30.998699999999992
106000 31.125099999999996
106100 31.103199999999994
106200 30.957899999999988
106300 31.222899999999996
106400 31.0175
106500 31.18
106600 31.388299999999994
106700 31.181900000000006
106800 31.263299999999987
106900 31.459099999999992
107000 31.39699999999999
107100 31.26699999999999
107200 31.796499999999995
107300 31.720299999999995
107400 31.690999999999995
107500 31.740399999999994
107600 31.6847
107700 32.0384
107800 31.965900000000005
107900 31.901699999999998
108000 31.784099999999988
108100 31.797299999999993
108200 32.045199999999994
108300 32.175
108400 32.021
108500 31.821699999999993
108600 32.16899999999999
108700 32.1522
108800 31.978
108900 32.01609999999999
109000 32.27439999999999
109100 31.9917
109200 32.275099999999995
109300 32.1595
109400 32.0089
109500 32.305299999999995
109600 32.01649999999999
109700 32.096999999999994
109800 32.083
109900 32.340799999999994
110000 32.21969999999999
110100 32.17609999999999
110200 32.0751
110300 32.4187
110400 32.581199999999995
110500 32.524300000000004
110600 32.534299999999995
110700 32.7248
110800 32.5107
110900 32.6562
111000 32.76699999999999
111100 32.53059999999999
111200 32.951299999999996
111300 33.1151
111400 33.2711
111500 32.958200000000005
111600 33.00149999999999
111700 32.94049999999999
111800 33.11289999999999
111900 33.0077
112000 32.9681
112100 32.8213
112200 33.0319
112300 32.8705
112400 33.117
112500 33.1192
112600 32.9659
112700 33.18339999999999
112800 33.09929999999999
112900 32.961800000000004
113000 33.090199999999996
113100 33.1261
113200 33.11679999999999
113300 33.28249999999999
113400 33.298899999999996
113500 33.214999999999996
113600 33.597699999999996
113700 33.540099999999995
113800 33.513
113900 33.5192
114000 33.449099999999994
114100 33.56589999999999
114200 33.7123
114300 33.7084
114400 33.8769
114500 33.9745
114600 33.86119999999999
114700 33.8326
114800 33.8252
114900 34.23579999999999
115000 33.766000000000005
115100 34.5365
115200 34.05369999999999
115300 34.21179999999999
115400 33.9882
115500 34.4129
115600 34.2155
115700 34.293899999999994
115800 34.53489999999999
115900 34.676899999999996
116000 34.337199999999996
116100 34.3913
116200 34.27949999999999
116300 34.327799999999996
116400 34.2894
116500 34.632999999999996
116600 34.2303
116700 34.0972
116800 34.3322
116900 34.31209999999999
117000 34.1869
117100 34.118399999999994
117200 34.389700000000005
117300 34.53059999999999
117400 34.4171
117500 34.36699999999999
117600 34.4047
117700 34.767399999999995
117800 34.59179999999999
117900 34.5965
118000 34.524499999999996
118100 34.72229999999999
118200 34.591199999999986
118300 34.7891
118400 34.801899999999996
118500 34.864
118600 34.98469999999999
118700 35.0173
118800 35.02839999999999
118900 34.743399999999994
119000 34.8855
119100 34.952600000000004
119200 35.043099999999995
119300 35.0113
119400 35.074299999999994
119500 35.22469999999999
119600 35.30659999999999
119700 35.20869999999999
119800 35.144000000000005
119900 35.17579999999999
120000 35.0972
120100 35.1319
120200 35.03909999999999
120300 35.3388
120400 35.4491
120500 35.367399999999996
120600 35.24859999999999
120700 35.303
120800 35.6783
120900 35.4251
121000 35.734500000000004
121100 35.615199999999994
121200 35.6684
121300 35.59289999999999
121400 35.63999999999999
121500 35.7315
121600 35.63409999999999
121700 35.4638
121800 35.48179999999999
121900 35.5647
122000 35.4756
122100 36.1445
122200 35.748
122300 35.73029999999999
122400 36.0245
122500 36.124500000000005
122600 36.249199999999995
122700 36.094199999999994
122800 36.183
122900 36.4825
123000 36.5231
123100 36.31999999999999
123200 36.491
123300 36.659299999999995
123400 36.57209999999999
123500 36.76229999999999
123600 36.868
123700 36.851099999999995
123800 36.9845
123900 36.936
124000 36.6915
124100 36.68489999999999
124200 36.74049999999999
124300 36.58
124400 36.7553
124500 36.59049999999999
124600 36.909
124700 36.2659
124800 36.955200000000005
124900 36.8765
125000 36.86319999999999
125100 37.055899999999994
125200 36.697
125300 36.60979999999999
125400 36.989799999999995
125500 36.75339999999999
125600 36.89889999999999
125700 37.1772
125800 37.1153
125900 36.969699999999996
126000 37.182199999999995
126100 37.223800000000004
126200 37.095299999999995
126300 37.0873
126400 37.2816
126500 37.1499
126600 37.29169999999999
126700 37.4509
126800 37.3232
126900 37.38949999999999
127000 37.076299999999996
127100 37.31559999999999
127200 37.31729999999999
127300 37.4939
127400 37.5743
127500 37.488099999999996
127600 37.5429
127700 37.51969999999999
127800 37.5807
127900 37.70689999999999
128000 37.541199999999996
128100 37.67289999999999
128200 37.73129999999999
128300 37.88489999999999
128400 37.5458
128500 37.87319999999999
128600 37.784800000000004
128700 37.86489999999999
128800 38.30659999999999
128900 38.0596
129000 38.1157
129100 38.1371
129200 38.3056
129300 37.81929999999999
129400 38.26519999999999
129500 38.074600000000004
129600 38.30409999999999
129700 38.0807
129800 38.40569999999999
129900 37.8757
130000 38.2296
130100 38.451699999999995
130200 38.2551
130300 38.2309
130400 38.566100000000006
130500 38.6217
130600 38.6401
130700 38.355599999999995
130800 38.256400000000006
130900 38.46039999999999
131000 38.79279999999999
131100 38.568
131200 38.6743
131300 38.61179999999999
131400 38.6629
131500 38.378899999999994
131600 38.523399999999995
131700 38.3921
131800 38.2239
131900 38.3131
132000 38.5668
132100 38.6737
132200 38.5707
132300 38.56989999999999
132400 38.8622
132500 38.8956
132600 38.876
132700 38.808099999999996
132800 38.711099999999995
132900 38.98149999999999
133000 39.0707
133100 39.1414
133200 39.259499999999996
133300 39.1767
133400 39.17429999999999
133500 39.48799999999999
133600 38.9902
133700 39.354299999999995
133800 39.48329999999999
133900 39.03079999999999
134000 39.26809999999999
134100 39.283899999999996
134200 39.42329999999999
134300 39.618300000000005
134400 39.504400000000004
134500 39.49049999999999
134600 39.249199999999995
134700 39.3722
134800 39.4388
134900 39.1843
135000 39.40249999999999
135100 39.0554
135200 39.69409999999999
135300 39.67509999999999
135400 39.98039999999999
135500 39.547000000000004
135600 39.77019999999999
135700 39.8152
135800 39.647800000000004
135900 39.60689999999999
136000 39.80429999999999
136100 39.761399999999995
136200 39.77499999999999
136300 39.95649999999999
136400 39.5328
136500 39.9009
136600 39.76479999999999
136700 39.9892
136800 39.9925
136900 39.934099999999994
137000 40.08559999999999
137100 40.09649999999999
137200 39.9587
137300 40.06179999999999
137400 40.21529999999999
137500 40.2559
137600 40.543299999999995
137700 40.849
137800 40.68679999999999
137900 40.8103
138000 40.522
138100 40.84959999999999
138200 40.84329999999999
138300 41.1521
138400 41.1404
138500 40.9243
138600 41.02529999999999
138700 41.2946
138800 40.97579999999999
138900 41.37699999999999
139000 41.18899999999999
139100 41.3046
139200 41.23999999999999
139300 41.319199999999995
139400 41.3843
139500 41.3052
139600 41.3649
139700 41.29149999999999
139800 41.389199999999995
139900 41.6695
140000 41.6437
140100 41.64529999999999
140200 41.86769999999999
140300 41.46619999999999
140400 41.442299999999996
140500 41.41079999999999
140600 41.652699999999996
140700 41.39039999999999
140800 41.51489999999999
140900 41.84389999999999
141000 41.656699999999994
141100 41.78789999999999
141200 41.86659999999999
141300 42.0156
141400 41.82549999999999
141500 41.9305
141600 42.0907
141700 41.8304
141800 42.13239999999999
141900 42.1751
142000 41.89609999999999
142100 42.081399999999995
142200 42.1941
142300 41.77629999999999
142400 42.0698
142500 42.236399999999996
142600 42.48459999999999
142700 42.2215
142800 42.46759999999999
142900 42.4401
143000 42.4054
143100 42.56119999999999
143200 42.4497
143300 42.17909999999999
143400 42.341499999999996
143500 42.538399999999996
143600 42.646100000000004
143700 42.90599999999999
143800 42.4478
143900 42.858999999999995
144000 42.77159999999999
144100 42.67329999999999
144200 43.215599999999995
144300 42.69369999999999
144400 42.783699999999996
144500 42.9944
144600 42.822399999999995
144700 43.14849999999999
144800 42.9818
144900 42.84209999999999
145000 42.82539999999999
145100 42.76509999999999
145200 42.79769999999999
145300 43.032700000000006
145400 43.30629999999999
145500 43.03889999999999
145600 42.7996
145700 42.68039999999999
145800 42.861999999999995
145900 43.081
146000 42.873200000000004
146100 43.08509999999999
146200 43.03229999999999
146300 43.2834
146400 43.26289999999999
146500 43.12409999999999
146600 43.4881
146700 43.1697
146800 43.278499999999994
146900 43.42309999999999
147000 43.167199999999994
147100 43.1076
147200 43.207
147300 43.128
147400 43.27019999999999
147500 43.1983
147600 43.3601
147700 43.3638
147800 43.19649999999999
147900 42.99569999999999
148000 43.41339999999999
148100 43.3527
148200 43.345000000000006
148300 43.3837
148400 43.55449999999999
148500 43.4631
148600 43.23599999999999
148700 43.6521
148800 43.58939999999999
148900 43.6799
149000 43.76269999999999
149100 44.16389999999999
149200 43.72619999999999
149300 44.0417
149400 44.198699999999995
149500 44.0829
149600 44.0111
149700 44.2504
149800 44.0224
149900 44.25399999999999
150000 44.0684
150100 43.9232
150200 43.96
150300 44.028499999999994
150400 44.18569999999999
150500 43.954499999999996
150600 44.1532
150700 44.52399999999999
150800 44.43639999999999
150900 44.430299999999995
151000 44.4585
151100 44.481700000000004
151200 44.89879999999999
151300 44.603500000000004
151400 44.9104
151500 44.83189999999999
151600 44.83279999999999
151700 44.85079999999999
151800 44.7033
151900 44.915299999999995
152000 45.0552
152100 45.08239999999999
152200 45.133199999999995
152300 44.90539999999999
152400 45.0881
152500 44.99179999999999
152600 44.9739
152700 45.0284
152800 45.25169999999999
152900 45.012499999999996
153000 45.2823
153100 45.7253
153200 45.74929999999999
153300 45.34499999999999
153400 45.214600000000004
153500 45.68319999999999
153600 45.1412
153700 45.4069
153800 45.2303
153900 45.3824
154000 45.286
154100 45.30409999999999
154200 45.62589999999999
154300 45.4739
154400 45.33769999999999
154500 45.30029999999999
154600 45.494299999999996
154700 45.574
154800 45.668499999999995
154900 45.41449999999999
155000 45.54529999999999
155100 45.6569
155200 46.0119
155300 46.1752
155400 45.764599999999994
155500 46.17899999999999
155600 45.9937
155700 45.984399999999994
155800 46.2707
155900 46.12799999999999
156000 46.24679999999999
156100 46.1119
156200 46.2288
156300 46.01019999999999
156400 46.2268
156500 46.14149999999999
156600 46.1335
156700 46.3227
156800 46.225100000000005
156900 46.299499999999995
157000 46.4867
157100 46.0872
157200 46.266000000000005
157300 46.32079999999999
157400 46.457499999999996
157500 46.24249999999999
157600 46.243599999999994
157700 46.1511
157800 45.89249999999999
157900 46.30649999999999
158000 46.116699999999994
158100 46.2946
158200 46.0996
158300 46.2178
158400 46.2712
158500 46.1442
158600 46.171899999999994
158700 46.36119999999999
158800 46.5767
158900 46.676199999999994
159000 46.8407
159100 46.6067
159200 46.67929999999999
159300 46.766099999999994
159400 47.14229999999999
159500 46.96079999999999
159600 46.866299999999995
159700 46.7848
159800 46.897999999999996
159900 46.9895
160000 47.3065
160100 47.34479999999999
