10100 0.0
10200 -0.20409999999999684
10300 -0.10249999999999915
10400 -0.25740000000000407
10500 -0.10660000000000736
10600 -0.08840000000000714
10700 0.013399999999997192
10800 0.12940000000000396
10900 0.07440000000000424
11000 0.16440000000000055
11100 0.2886999999999986
11200 0.12859999999999872
11300 0.5165000000000077
11400 0.3768999999999991
11500 0.06169999999999476
11600 0.32800000000000296
11700 0.35080000000000666
11800 0.2826000000000022
11900 0.12780000000000058
12000 0.4059000000000026
12100 0.34249999999999403
12200 0.09860000000000468
12300 0.24089999999999634
12400 0.17099999999999937
12500 0.3416000000000068
12600 0.5191000000000017
12700 0.2137000000000029
12800 0.42679999999999296
12900 0.4438000000000031
13000 0.2966000000000051
13100 0.3552000000000035
13200 0.4380000000000095
13300 0.28549999999999187
13400 0.6114000000000033
13500 0.5959000000000074
13600 0.42480000000000473
13700 0.5828999999999951
13800 0.34890000000000043
13900 0.728900000000003
14000 0.47859999999999303
14100 0.4466999999999999
14200 0.5231999999999957
14300 0.4217999999999975
14400 0.5638999999999967
14500 0.472999999999999
14600 0.31920000000000925
14700 0.5828999999999951
14800 0.3389000000000024
14900 0.3745999999999938
15000 0.4264000000000081
15100 0.24959999999999383
15200 0.5472000000000037
15300 0.40730000000000643
15400 0.7011000000000038
15500 0.5251999999999981
15600 0.6086999999999989
15700 0.5463999999999984
15800 0.5970000000000013
15900 0.5948000000000064
16000 0.4925000000000068
16100 0.3622999999999976
16200 0.6433999999999997
16300 0.5897000000000077
16400 0.5418000000000021
16500 0.5124000000000066
16600 0.8770999999999987
16700 0.6518999999999977
16800 0.6843999999999966
16900 0.8681999999999945
17000 0.7680000000000007
17100 0.6905000000000001
17200 0.39739999999999753
17300 0.4363000000000099
17400 0.4943000000000026
17500 0.3990000000000009
17600 0.5609000000000037
17700 0.4888999999999939
17800 0.410499999999999
17900 0.6534000000000049
18000 0.4853000000000023
18100 0.3375000000000057
18200 0.4503999999999948
18300 0.39750000000000085
18400 0.45779999999999177
18500 0.31090000000000373
18600 0.3971000000000018
18700 0.3526000000000096
18800 0.3083000000000027
18900 0.16669999999999874
19000 0.42019999999999413
19100 0.36780000000000257
19200 0.36230000000000473
19300 0.535899999999998
19400 0.4515000000000029
19500 0.806200000000004
19600 0.653499999999994
19700 0.44660000000000366
19800 0.6939000000000064
19900 0.6998000000000033
20000 0.6617999999999995
20100 0.751899999999992
20200 0.5529999999999973
20300 0.5441999999999965
20400 0.4468000000000032
20500 0.8144000000000062
20600 0.5592999999999932
20700 0.5124999999999957
20800 0.5442000000000036
20900 0.3031999999999968
21000 0.6192000000000064
21100 0.7251000000000047
21200 0.7231999999999985
21300 0.4917000000000016
21400 0.8223999999999947
21500 0.7667000000000002
21600 0.5619000000000014
21700 0.49269999999999925
21800 0.4791000000000025
21900 0.6878000000000029
22000 0.7102999999999966
22100 0.7154000000000025
22200 0.9596000000000018
22300 0.7068000000000012
22400 0.7723000000000084
22500 0.6803000000000026
22600 0.6651999999999987
22700 0.7675000000000054
22800 0.8013999999999939
22900 0.6991000000000085
23000 0.9463000000000008
23100 0.7880000000000038
23200 0.7954000000000079
23300 0.7730999999999995
23400 0.7526999999999973
23500 0.8468000000000018
23600 0.5722999999999914
23700 0.7122000000000028
23800 0.5367999999999995
23900 0.7743000000000038
24000 0.7346999999999966
24100 0.9288999999999987
24200 0.6591999999999985
24300 0.7102000000000004
24400 0.6965000000000003
24500 0.750700000000009
24600 0.9008000000000038
24700 0.8330999999999946
24800 1.0631000000000057
24900 0.8536000000000001
25000 0.8023999999999987
25100 0.7718999999999951
25200 0.8562999999999974
25300 0.8935999999999993
25400 0.832499999999996
25500 0.9281000000000077
25600 0.7478999999999942
25700 0.707499999999996
25800 0.8489000000000004
25900 0.8543999999999983
26000 0.8606000000000051
26100 0.7567000000000093
26200 0.7525000000000048
26300 0.7835999999999999
26400 0.7961000000000027
26500 0.6489000000000047
26600 0.8481999999999985
26700 0.6987000000000094
26800 0.825800000000001
26900 0.8674000000000035
27000 0.9262000000000015
27100 0.7400999999999982
27200 0.8745000000000047
27300 0.923099999999998
27400 0.7792999999999992
27500 0.9639999999999986
27600 1.0760000000000005
27700 0.9742000000000033
27800 0.6563000000000017
27900 0.7824000000000026
28000 0.6644000000000005
28100 0.856100000000005
28200 1.0342000000000056
28300 0.9872999999999976
28400 0.9115000000000038
28500 0.7456000000000031
28600 0.8329000000000022
28700 0.9469000000000065
28800 1.1398999999999972
28900 0.9699000000000026
29000 0.9714000000000027
29100 0.8603000000000023
29200 0.9400000000000048
29300 0.9954999999999998
29400 0.7182999999999993
29500 0.9951000000000008
29600 0.898299999999999
29700 0.8261999999999929
29800 1.0546999999999969
29900 1.044300000000007
30000 0.9730999999999952
30100 0.936399999999999
30200 0.976700000000001
30300 0.9515999999999991
30400 0.9227000000000061
30500 0.709699999999998
30600 1.1007999999999925
30700 0.9209999999999994
30800 0.8271000000000086
30900 1.067700000000002
31000 1.0537999999999954
31100 0.9600999999999971
31200 1.1487000000000052
31300 0.9447000000000045
31400 0.9899999999999949
31500 1.043299999999995
31600 0.9701999999999984
31700 0.9146999999999963
31800 0.9390999999999963
31900 0.8744000000000014
32000 0.8939999999999984
32100 1.0800000000000054
32200 1.0375999999999976
32300 1.1092000000000013
32400 0.9886000000000053
32500 0.9206999999999965
32600 0.9354000000000084
32700 0.7963999999999984
32800 0.9943999999999988
32900 1.1527999999999992
33000 0.9279000000000082
33100 0.9938999999999965
33200 1.1565000000000083
33300 0.9057999999999993
33400 1.0519000000000034
33500 1.0274
33600 1.0568000000000026
33700 1.1148999999999916
33800 0.9168999999999983
33900 0.8111999999999995
34000 0.9958000000000027
34100 0.8984000000000023
34200 1.0992999999999924
34300 1.3111000000000104
34400 0.9691000000000045
34500 1.2909000000000006
34600 1.3022000000000062
34700 1.0841000000000065
34800 1.2730999999999995
34900 1.1450000000000031
35000 1.0703999999999994
35100 1.1982999999999961
35200 0.9236999999999966
35300 1.0649000000000086
35400 1.2387000000000015
35500 1.0405999999999977
35600 1.0812999999999988
35700 1.1229000000000013
35800 1.0860000000000056
35900 1.0651999999999973
36000 1.1688999999999936
36100 1.2025999999999968
36200 1.1051000000000002
36300 1.1515000000000057
36400 1.2007999999999939
36500 1.0273000000000039
36600 1.2225000000000037
36700 1.2228000000000065
36800 1.1059000000000054
36900 1.0104000000000042
37000 0.9472999999999914
37100 1.186
37200 1.0690999999999988
37300 1.1296000000000035
37400 0.8865000000000052
37500 1.0211000000000041
37600 1.073999999999998
37700 1.0651999999999973
37800 1.0662000000000091
37900 1.2719000000000023
38000 1.1159000000000034
38100 1.184899999999999
38200 1.342499999999994
38300 1.5119000000000042
38400 1.3913999999999973
38500 1.2719999999999985
38600 1.337600000000002
38700 1.3920999999999992
38800 1.429000000000002
38900 1.3289999999999935
39000 1.1766999999999967
39100 1.170499999999997
39200 1.3174000000000063
39300 1.305100000000003
39400 1.4354000000000013
39500 1.2302999999999926
39600 1.3937000000000026
39700 1.059899999999999
39800 1.3277999999999963
39900 1.4324000000000012
40000 1.3119999999999976
40100 1.0397999999999996
40200 1.2393999999999963
40300 1.1067999999999998
40400 1.2323999999999913
40500 1.182299999999998
40600 1.116499999999995
40700 1.3659000000000034
40800 1.4569999999999936
40900 1.2859000000000052
41000 1.2497999999999934
41100 1.5510999999999981
41200 1.6244000000000085
41300 1.5073000000000079
41400 1.3980999999999923
41500 1.610599999999998
41600 1.3667999999999978
41700 1.4679999999999964
41800 1.5575999999999937
41900 1.491800000000005
42000 1.5401000000000025
42100 1.3466999999999985
42200 1.6872000000000043
42300 1.3811000000000035
42400 1.436399999999999
42500 1.6196000000000055
42600 1.473700000000008
42700 1.687100000000001
42800 1.787399999999998
42900 1.5246999999999957
43000 1.5810999999999993
43100 1.5228000000000037
43200 1.6171999999999969
43300 1.6229999999999976
43400 1.5408999999999935
43500 1.6994000000000042
43600 1.6296000000000035
43700 1.5445000000000064
43800 1.9594999999999985
43900 1.506300000000003
44000 1.7409000000000034
44100 1.6658000000000044
44200 1.7232999999999947
44300 1.9040999999999926
44400 1.693000000000005
44500 1.9932000000000016
44600 1.9024
44700 2.0290000000000035
44800 2.0086000000000013
44900 1.907599999999995
45000 1.9378000000000029
45100 1.8506000000000071
45200 1.9534999999999982
45300 2.0397999999999996
45400 1.9741
45500 1.9979999999999976
45600 1.8730999999999938
45700 2.0911000000000044
45800 1.9350999999999985
45900 1.955200000000005
46000 2.025199999999998
46100 1.9735999999999976
46200 1.9493999999999971
46300 2.2679999999999936
46400 1.9821999999999989
46500 2.3507000000000033
46600 2.2687000000000026
46700 2.2028999999999996
46800 2.4213999999999984
46900 2.002600000000001
47000 2.1744000000000057
47100 2.365399999999994
47200 2.1402
47300 2.365699999999997
47400 2.2297999999999973
47500 2.493400000000001
47600 2.0804999999999936
47700 2.545099999999998
47800 2.332799999999999
47900 2.483399999999996
48000 2.3521999999999963
48100 2.3733000000000004
48200 2.3974000000000046
48300 2.4554000000000045
48400 2.29610000000001
48500 2.6484999999999985
48600 2.1858000000000004
48700 2.5400999999999954
48800 2.4007999999999967
48900 2.2712999999999965
49000 2.408699999999996
49100 2.4506000000000085
49200 2.510799999999996
49300 2.381700000000002
49400 2.634200000000007
49500 2.4121999999999986
49600 2.4905999999999935
49700 2.660499999999992
49800 2.8293999999999997
49900 2.5386000000000024
50000 2.6647000000000105
50100 2.6336999999999975
50200 2.7526999999999973
50300 2.5102999999999938
50400 2.7961000000000027
50500 2.6607999999999947
50600 2.934999999999995
50700 2.9697999999999993
50800 2.7715999999999994
50900 2.9135999999999953
51000 2.670400000000008
51100 2.9358000000000075
51200 2.7767000000000053
51300 3.163799999999995
51400 2.700799999999994
51500 2.840900000000005
51600 3.0304000000000073
51700 2.9543999999999997
51800 2.980700000000006
51900 2.8771000000000058
52000 2.939700000000002
52100 2.9136999999999986
52200 3.0021000000000058
52300 3.144300000000001
52400 3.1122999999999976
52500 3.350200000000001
52600 3.116899999999994
52700 3.4226000000000028
52800 3.487400000000001
52900 3.431199999999997
53000 3.349800000000002
53100 3.437900000000006
53200 3.500000000000007
53300 3.176000000000002
53400 3.4897000000000062
53500 3.4838000000000022
53600 3.5516999999999967
53700 3.4757000000000033
53800 3.6805999999999983
53900 3.7561000000000035
54000 3.6178000000000026
54100 3.5912000000000006
54200 3.9703000000000017
54300 3.883499999999998
54400 3.606200000000001
54500 4.0027999999999935
54600 3.7727999999999966
54700 3.913000000000004
54800 3.8126000000000033
54900 3.872700000000002
55000 3.920499999999997
55100 3.827999999999996
55200 4.176300000000005
55300 4.003900000000009
55400 3.9851000000000028
55500 4.310299999999998
55600 4.050699999999999
55700 4.177800000000005
55800 4.227300000000007
55900 4.2165000000000035
56000 4.147400000000005
56100 4.397799999999997
56200 4.164999999999999
56300 4.424100000000003
56400 4.362200000000001
56500 4.448399999999992
56600 4.471999999999994
56700 4.416100000000007
56800 4.608999999999995
56900 4.637799999999999
57000 4.904999999999994
57100 4.883200000000009
57200 4.783500000000004
57300 5.146800000000006
57400 5.114600000000003
57500 5.003299999999996
57600 5.217700000000001
57700 5.015799999999999
57800 5.078100000000006
57900 5.419099999999993
58000 5.326599999999999
58100 5.363400000000006
58200 5.302900000000008
58300 5.456299999999992
58400 5.479200000000006
58500 5.55380000000001
58600 5.6402
58700 5.523300000000006
58800 5.395599999999995
58900 5.8125
59000 5.552400000000006
59100 5.8481999999999985
59200 5.850000000000001
59300 5.837300000000006
59400 6.099799999999995
59500 5.729299999999995
59600 5.871600000000001
59700 5.771399999999993
59800 5.828199999999995
59900 5.908900000000003
60000 5.974499999999999
60100 6.274600000000007
60200 6.202400000000004
60300 6.476300000000002
60400 6.255799999999994
60500 6.3964
60600 6.782100000000007
60700 6.727000000000004
60800 6.747700000000002
60900 6.991899999999994
61000 7.099399999999996
61100 7.048499999999997
61200 7.197599999999994
61300 7.1629000000000005
61400 7.168000000000006
61500 7.449700000000007
61600 7.873799999999996
61700 7.421999999999997
61800 7.788600000000002
61900 7.941299999999998
62000 7.958599999999997
62100 8.276000000000003
62200 8.247900000000008
62300 8.180500000000002
62400 8.181099999999994
62500 8.434399999999997
62600 8.28220000000001
62700 8.651500000000006
62800 8.248199999999997
62900 8.4028
63000 8.5732
63100 8.7868
63200 8.944199999999995
63300 9.279199999999996
63400 9.078599999999994
63500 9.191400000000002
63600 9.442499999999995
63700 9.588799999999992
63800 9.690800000000003
63900 9.8564
64000 10.080800000000004
64100 10.071299999999994
64200 10.1952
64300 10.341799999999992
64400 10.355599999999995
64500 10.343100000000007
64600 10.474600000000002
64700 10.8476
64800 10.549300000000002
64900 10.804599999999994
65000 11.142699999999998
65100 11.289200000000001
65200 11.460799999999999
65300 11.570499999999996
65400 12.015700000000002
65500 12.438799999999993
65600 12.452300000000008
65700 12.756400000000006
65800 12.932600000000008
65900 13.172999999999995
66000 13.678799999999995
66100 13.816400000000002
66200 14.2832
66300 14.265
66400 14.54610000000001
66500 14.880400000000002
66600 15.101600000000005
66700 15.532800000000009
66800 15.798400000000008
66900 16.1126
67000 16.41450000000001
67100 16.6053
67200 16.942300000000003
67300 17.151400000000002
67400 17.411899999999996
67500 17.708800000000004
67600 17.776699999999998
67700 18.0781
67800 18.313799999999993
67900 18.823100000000004
68000 18.953500000000005
68100 19.069700000000005
68200 19.4807
68300 19.587400000000002
68400 19.973300000000002
68500 19.729300000000002
68600 19.893099999999997
68700 20.068199999999997
68800 20.0347
68900 20.305299999999995
69000 20.098700000000008
69100 20.323199999999993
69200 20.206699999999998
69300 20.350599999999993
69400 20.206400000000002
69500 20.133899999999997
69600 20.3217
69700 20.25529999999999
69800 20.298699999999997
69900 20.40010000000001
70000 20.252300000000005
70100 20.392899999999997
70200 20.548899999999996
70300 20.452499999999993
70400 20.591100000000004
70500 20.439600000000006
70600 20.191999999999993
70700 20.4882
70800 20.540999999999997
70900 20.39410000000001
71000 20.396099999999997
71100 20.1706
71200 20.4459
71300 20.2065
71400 20.1428
71500 20.477999999999994
71600 20.075000000000003
71700 20.2571
71800 20.0522
71900 20.21280000000001
72000 20.4152
72100 20.555
72200 20.503299999999996
72300 20.568299999999994
72400 20.6847
72500 20.5616
72600 20.675600000000003
72700 20.863500000000002
72800 21.023200000000003
72900 20.95389999999999
73000 21.156700000000008
73100 21.3564
73200 21.149700000000003
73300 21.273999999999994
73400 21.466200000000008
73500 21.0968
73600 21.119800000000005
73700 21.894700000000007
73800 21.47610000000001
73900 21.738300000000002
74000 21.779300000000006
74100 21.839200000000005
74200 21.885799999999996
74300 21.77680000000001
74400 21.9349
74500 22.023900000000005
74600 22.244
74700 22.417600000000007
74800 22.5096
74900 22.531200000000005
75000 22.588500000000003
75100 22.780500000000004
75200 22.5206
75300 22.404599999999995
75400 22.7464
75500 22.616100000000003
75600 22.6496
75700 22.683999999999997
75800 22.651700000000005
75900 22.820499999999996
76000 22.820100000000004
76100 22.927800000000005
76200 22.973800000000004
76300 22.8234
76400 22.820300000000003
76500 23.067500000000003
76600 22.941199999999995
76700 22.836699999999993
76800 22.747400000000006
76900 22.864700000000006
77000 22.7181
77100 22.75990000000001
77200 22.86979999999999
77300 22.63479999999999
77400 22.840400000000002
77500 22.899700000000003
77600 22.813000000000002
77700 22.9197
77800 22.773200000000003
77900 22.822399999999995
78000 23.065599999999996
78100 23.266399999999997
78200 23.036800000000007
78300 22.879300000000008
78400 23.079099999999997
78500 22.867399999999996
78600 23.141
78700 23.005100000000006
78800 23.1387
78900 22.797199999999997
79000 23.155299999999997
79100 23.116699999999994
79200 23.386700000000005
79300 23.264499999999998
79400 23.095499999999994
79500 23.261999999999993
79600 23.38710000000001
79700 23.4238
79800 23.377500000000005
79900 23.412400000000005
80000 23.155800000000006
80100 23.446299999999994
80200 23.339799999999997
80300 23.589799999999997
80400 23.535600000000002
80500 23.513599999999997
80600 23.4788
80700 23.403799999999997
80800 23.429900000000004
80900 23.758900000000004
81000 24.027700000000003
81100 23.806999999999995
81200 23.678199999999997
81300 23.7504
81400 23.800800000000002
81500 23.7509
81600 24.164400000000008
81700 24.053199999999997
81800 23.9369
81900 23.929899999999996
82000 24.22010000000001
82100 24.266799999999996
82200 24.351200000000006
82300 24.4148
82400 24.33760000000001
82500 24.862300000000005
82600 24.6055
82700 24.516799999999996
82800 24.77320000000001
82900 24.7577
83000 24.7065
83100 24.848399999999998
83200 24.773199999999996
83300 24.837099999999992
83400 25.0407
83500 24.793600000000005
83600 25.052699999999994
83700 24.986900000000006
83800 24.739799999999995
83900 24.8585
84000 25.07110000000001
84100 25.0518
84200 25.125700000000002
84300 24.948099999999997
84400 24.9777
84500 25.018699999999995
84600 24.9664
84700 25.238699999999994
84800 24.827099999999994
84900 24.866100000000003
85000 24.91080000000001
85100 25.131299999999996
85200 24.926399999999994
85300 24.93209999999999
85400 25.123200000000004
85500 25.007000000000005
85600 25.29809999999999
85700 25.185000000000002
85800 25.3208
85900 25.191300000000005
86000 25.164900000000003
86100 25.409799999999997
86200 25.392099999999992
86300 25.459899999999998
86400 25.2262
86500 25.2065
86600 25.11990000000001
86700 25.354299999999995
86800 25.39330000000001
86900 25.468100000000007
87000 25.3236
87100 25.5447
87200 25.44720000000001
87300 25.6068
87400 25.670099999999998
87500 25.777100000000004
87600 25.650500000000008
87700 25.4435
87800 25.8821
87900 25.620399999999997
88000 25.945000000000007
88100 25.716699999999996
88200 25.7532
88300 26.1006
88400 26.1348
88500 26.009699999999995
88600 26.03390000000001
88700 26.393100000000004
88800 26.2611
88900 26.4536
89000 26.717600000000004
89100 26.415000000000006
89200 26.413599999999995
89300 26.4289
89400 26.373199999999997
89500 26.403599999999997
89600 26.323199999999993
89700 26.617799999999995
89800 26.2532
89900 26.494500000000002
90000 26.5976
90100 26.536800000000007
90200 26.877699999999997
90300 26.660899999999998
90400 26.364200000000004
90500 26.741099999999996
90600 26.593100000000007
90700 26.6094
90800 26.6284
90900 26.697400000000002
91000 26.6203
91100 26.740899999999996
91200 26.861399999999996
91300 26.9563
91400 27.009299999999996
91500 26.9994
91600 27.176000000000002
91700 26.851800000000004
91800 27.395999999999994
91900 27.1316
92000 27.078899999999997
92100 27.610599999999998
92200 27.117799999999995
92300 27.2701
92400 27.315200000000004
92500 27.384
92600 27.2607
92700 27.444699999999997
92800 27.243300000000005
92900 27.446099999999994
93000 27.380599999999994
93100 27.625200000000007
93200 27.307499999999997
93300 27.660400000000003
93400 27.692999999999998
93500 27.67600000000001
93600 27.804600000000008
93700 27.898900000000005
93800 27.63510000000001
93900 27.859300000000005
94000 27.832199999999993
94100 27.846799999999995
94200 27.891200000000005
94300 28.082500000000003
94400 27.843300000000006
94500 27.994
94600 27.931300000000007
94700 27.870900000000006
94800 28.027499999999996
94900 27.898599999999995
95000 28.129000000000005
95100 27.863300000000002
95200 28.013500000000008
95300 28.124000000000002
95400 28.1196
95500 28.221300000000006
95600 28.223899999999993
95700 28.2305
95800 28.3089
95900 28.2466
96000 28.154200000000003
96100 28.427499999999995
96200 28.405400000000007
96300 28.582500000000003
96400 28.517199999999995
96500 28.431399999999996
96600 28.8033
96700 28.876199999999997
96800 29.0676
96900 28.988999999999997
97000 28.947900000000004
97100 28.7947
97200 28.990500000000004
97300 28.564799999999998
97400 28.68240000000001
97500 28.855400000000003
97600 28.8703
97700 29.000799999999998
97800 28.76100000000001
97900 28.514599999999994
98000 29.076299999999996
98100 28.842599999999997
98200 28.878100000000003
98300 28.908100000000005
98400 28.887100000000004
98500 29.024499999999996
98600 28.740800000000007
98700 28.8806
98800 28.918600000000005
98900 28.955999999999996
99000 28.719700000000003
99100 28.906600000000005
99200 29.17840000000001
99300 28.783300000000004
99400 29.4835
99500 29.25679999999999
99600 29.325100000000006
99700 29.309699999999992
99800 29.520900000000005
99900 29.2543
100000 29.773199999999996
100100 29.595100000000002
100200 29.560700000000004
100300 29.581700000000005
100400 29.665099999999995
100500 29.708
100600 29.747500000000002
100700 29.7391
100800 29.662799999999997
100900 29.4807
101000 29.741799999999998
101100 29.690499999999993
101200 29.789500000000004
101300 29.926700000000004
101400 29.861600000000003
101500 29.8311
101600 29.708600000000004
101700 30.149699999999996
101800 29.701
101900 29.700700000000005
102000 29.730399999999996
102100 29.980300000000007
102200 29.8497
102300 29.8786
102400 29.803599999999996
102500 30.057900000000004
102600 29.900799999999997
102700 30.1218
102800 30.366699999999994
102900 30.177999999999997
103000 30.098499999999994
103100 29.966600000000007
103200 30.133100000000006
103300 30.368399999999994
103400 30.114599999999996
103500 30.279900000000005
103600 30.448299999999996
103700 30.454000000000008
103800 30.454600000000006
103900 30.725400000000008
104000 30.652099999999997
104100 30.646200000000007
104200 30.404000000000003
104300 30.573
104400 30.662899999999993
104500 30.598599999999998
104600 30.911800000000007
104700 31.051299999999998
104800 31.0721
104900 30.8065
105000 31.309800000000003
105100 31.088700000000003
105200 31.3487
105300 31.041799999999995
105400 31.291299999999993
105500 31.284400000000005
105600 31.113099999999996
105700 31.244999999999997
105800 30.965599999999995
105900 31.295300000000005
106000 31.1096
106100 30.8393
106200 31.101099999999995
106300 31.220200000000006
106400 31.1779
106500 31.212399999999995
106600 31.1578
106700 31.226999999999997
106800 31.4105
106900 31.618399999999994
107000 31.611600000000003
107100 31.314099999999996
107200 31.680699999999995
107300 31.662599999999998
107400 31.6235
107500 31.486900000000006
107600 31.7526
107700 31.576999999999998
107800 31.8487
107900 31.836400000000005
108000 31.821400000000004
108100 32.0281
108200 31.939000000000007
108300 31.896300000000004
108400 32.1794
108500 32.15
108600 32.3577
108700 32.25430000000001
108800 32.048700000000004
108900 31.988599999999998
109000 32.0481
109100 32.117399999999996
109200 32.04859999999999
109300 32.03510000000001
109400 31.901300000000006
109500 32.176100000000005
109600 32.46340000000001
109700 32.1926
109800 32.171200000000006
109900 32.2628
110000 32.4903
110100 32.4631
110200 32.4113
110300 32.4795
110400 32.1464
110500 32.53829999999999
110600 32.60830000000001
110700 32.353
110800 32.5265
110900 32.65250000000001
111000 32.90879999999999
111100 32.83559999999999
111200 32.6173
111300 32.8255
111400 33.004999999999995
111500 32.9867
111600 33.07889999999999
111700 33.075900000000004
111800 32.7774
111900 33.17470000000001
112000 33.0468
112100 32.8983
112200 32.8837
112300 32.85690000000001
112400 32.8757
112500 33.1134
112600 33.0954
112700 33.5724
112800 33.0745
112900 33.2286
113000 33.13830000000001
113100 33.2266
113200 33.3877
113300 33.3278
113400 33.1185
113500 33.2128
113600 33.511900000000004
113700 33.145
113800 33.2667
113900 33.3785
114000 33.2427
114100 33.6336
114200 33.400000000000006
114300 33.618900000000004
114400 33.780100000000004
114500 33.7998
114600 34.07979999999999
114700 34.1453
114800 33.9749
114900 34.103699999999996
115000 33.981399999999994
115100 34.1441
115200 34.20100000000001
115300 34.270999999999994
115400 34.1201
115500 33.94290000000001
115600 34.1596
115700 34.512499999999996
115800 34.266299999999994
115900 34.3214
116000 34.1188
116100 34.374399999999994
116200 34.4843
116300 34.319100000000006
116400 34.10360000000001
116500 34.255599999999994
116600 34.270799999999994
116700 34.2764
116800 34.3892
116900 34.1417
117000 34.3401
117100 34.3556
117200 34.2976
117300 34.592099999999995
117400 34.5103
117500 34.590300000000006
117600 34.2299
117700 34.592
117800 34.7299
117900 34.67100000000001
118000 34.7895
118100 34.83710000000001
118200 34.535000000000004
118300 34.7704
118400 35.0797
118500 34.820699999999995
118600 34.8051
118700 34.8938
118800 35.0971
118900 35.0622
119000 35.0282
119100 35.182100000000005
119200 35.138400000000004
119300 35.326100000000004
119400 35.12479999999999
119500 35.2826
119600 35.2322
119700 35.234100000000005
119800 35.4073
119900 35.33330000000001
120000 35.325799999999994
120100 35.25129999999999
120200 35.3858
120300 35.204899999999995
120400 35.40239999999999
120500 35.353300000000004
120600 35.363299999999995
120700 35.545700000000004
120800 35.6053
120900 35.422900000000006
121000 35.6147
121100 35.6099
121200 35.6938
121300 35.66250000000001
121400 35.56000000000001
121500 35.7169
121600 35.6123
121700 35.7799
121800 35.73660000000001
121900 35.884
122000 35.830299999999994
122100 35.85840000000001
122200 35.944500000000005
122300 35.831100000000006
122400 36.0975
122500 35.8935
122600 36.1268
122700 36.0025
122800 36.231500000000004
122900 36.345000000000006
123000 36.43770000000001
123100 36.299
123200 36.395500000000006
123300 36.65239999999999
123400 36.6932
123500 36.5635
123600 36.725100000000005
123700 36.5447
123800 36.7549
123900 36.847699999999996
124000 37.061299999999996
124100 36.6648
124200 36.5167
124300 36.4963
124400 36.5807
124500 36.6861
124600 36.836600000000004
124700 36.838699999999996
124800 36.6661
124900 36.7519
125000 37.0102
125100 36.7127
125200 36.602500000000006
125300 36.7704
125400 36.8583
125500 36.9377
125600 36.80930000000001
125700 37.2788
125800 36.9853
125900 37.12290000000001
126000 37.10980000000001
126100 37.1881
126200 37.1979
126300 36.976800000000004
126400 37.21869999999999
126500 37.3639
126600 37.671200000000006
126700 37.50260000000001
126800 37.51349999999999
126900 37.4462
127000 37.6296
127100 37.723800000000004
127200 37.72469999999999
127300 37.537800000000004
127400 37.6693
127500 37.6792
127600 37.3854
127700 37.9941
127800 37.43470000000001
127900 37.63640000000001
128000 37.7724
128100 37.6963
128200 37.4935
128300 37.793800000000005
128400 37.8743
128500 37.854099999999995
128600 37.9751
128700 37.8465
128800 37.7596
128900 37.987500000000004
129000 38.26090000000001
129100 38.0348
129200 37.8853
129300 38.2715
129400 38.1064
129500 38.329
129600 38.229200000000006
129700 38.1065
129800 38.5213
129900 38.37420000000001
130000 38.549699999999994
130100 38.3294
130200 38.4079
130300 38.3499
130400 38.428700000000006
130500 38.5436
130600 38.37050000000001
130700 38.5648
130800 38.5852
130900 38.6121
131000 38.790400000000005
131100 38.603699999999996
131200 38.73420000000001
131300 38.56139999999999
131400 38.6449
131500 38.6484
131600 38.44460000000001
131700 38.728100000000005
131800 38.642900000000004
131900 38.790499999999994
132000 38.7211
132100 38.931200000000004
132200 38.775400000000005
132300 38.7722
132400 38.816300000000005
132500 38.6702
132600 38.70680000000001
132700 38.8006
132800 38.933899999999994
132900 39.079699999999995
133000 38.88020000000001
133100 39.12649999999999
133200 38.99249999999999
133300 39.127599999999994
133400 39.1291
133500 39.4654
133600 39.1771
133700 39.199999999999996
133800 39.5276
133900 39.3479
134000 39.4618
134100 39.4548
134200 39.66980000000001
134300 39.6415
134400 39.604400000000005
134500 39.7383
134600 39.685399999999994
134700 39.8414
134800 39.62160000000001
134900 39.67829999999999
135000 39.5774
135100 39.7103
135200 39.8662
135300 39.5494
135400 40.0275
135500 39.798100000000005
135600 40.03810000000001
135700 40.0034
135800 39.82920000000001
135900 39.5349
136000 39.7897
136100 39.9895
136200 39.479400000000005
136300 39.708800000000004
136400 39.622699999999995
136500 39.672
136600 39.72879999999999
136700 39.8191
136800 39.80559999999999
136900 39.933400000000006
137000 39.985499999999995
137100 40.0738
137200 40.0042
137300 40.0332
137400 40.1802
137500 39.995000000000005
137600 40.429100000000005
137700 40.3355
137800 40.6036
137900 40.57940000000001
138000 40.3671
138100 40.870000000000005
138200 40.6388
138300 40.924
138400 40.9718
138500 41.137699999999995
138600 40.8297
138700 41.0315
138800 41.099599999999995
138900 41.1336
139000 41.2642
139100 41.2372
139200 41.6025
139300 41.0989
139400 41.3598
139500 41.279300000000006
139600 41.36169999999999
139700 41.1646
139800 41.294599999999996
139900 41.36970000000001
140000 41.131499999999996
140100 41.2969
140200 41.4442
140300 41.2492
140400 41.3645
140500 41.33129999999999
140600 41.43560000000001
140700 41.499599999999994
140800 41.41930000000001
140900 41.444900000000004
141000 41.4612
141100 41.38499999999999
141200 41.3789
141300 41.45
141400 41.4376
141500 41.742599999999996
141600 41.957600000000006
141700 41.8502
141800 41.743399999999994
141900 41.9169
142000 41.888999999999996
142100 41.8421
142200 41.9877
142300 41.8548
142400 42.093
142500 41.982400000000005
142600 42.1055
142700 42.06510000000001
142800 42.665600000000005
142900 42.2027
143000 42.2908
143100 42.4077
143200 42.28680000000001
143300 42.43410000000001
143400 42.5578
143500 42.4063
143600 42.449600000000004
143700 42.33090000000001
143800 42.4595
143900 42.4783
144000 42.80890000000001
144100 42.7472
144200 42.6974
144300 42.8704
144400 42.84929999999999
144500 42.4864
144600 42.908
144700 42.59909999999999
144800 42.80790000000001
144900 42.7765
145000 42.8729
145100 43.0178
145200 42.7827
145300 42.8194
145400 42.873599999999996
145500 42.8051
145600 42.7942
145700 43.0734
145800 43.129900000000006
145900 43.0666
146000 42.9046
146100 43.5267
146200 43.34089999999999
146300 43.1494
146400 43.081100000000006
146500 43.0859
146600 43.2031
146700 43.1222
146800 43.17020000000001
146900 43.126200000000004
147000 43.358
147100 43.22180000000001
147200 43.4827
147300 43.061600000000006
147400 43.19819999999999
147500 43.30460000000001
147600 43.28470000000001
147700 43.4515
147800 43.53560000000001
147900 43.419599999999996
148000 43.489200000000004
148100 43.468399999999995
148200 43.79970000000001
148300 43.368700000000004
148400 43.6349
148500 43.4959
148600 43.509600000000006
148700 43.661
148800 43.569700000000005
148900 43.915800000000004
149000 43.99390000000001
149100 44.0396
149200 44.0445
149300 44.3125
149400 44.0137
149500 44.237100000000005
149600 43.820600000000006
149700 44.1396
149800 43.918099999999995
149900 44.0812
150000 44.0173
150100 44.1547
150200 44.1419
150300 44.2257
150400 44.201
150500 44.581599999999995
150600 44.473299999999995
150700 44.502500000000005
150800 44.3317
150900 44.704800000000006
151000 44.5842
151100 44.4761
151200 44.744299999999996
151300 44.5995
151400 44.5679
151500 44.53300000000001
151600 44.717999999999996
151700 44.696799999999996
151800 44.732
151900 44.714099999999995
152000 45.029500000000006
152100 44.808499999999995
152200 45.05080000000001
152300 44.9955
152400 45.1155
152500 45.166399999999996
152600 44.964099999999995
152700 45.346000000000004
152800 45.127199999999995
152900 45.0779
153000 45.1408
153100 45.198299999999996
153200 45.0863
153300 45.597300000000004
153400 45.32840000000001
153500 45.4935
153600 45.539
153700 45.462599999999995
153800 45.5263
153900 45.30440000000001
154000 45.61639999999999
154100 45.837500000000006
154200 45.29900000000001
154300 45.6046
154400 45.4354
154500 45.7114
154600 45.5972
154700 45.7078
154800 45.5458
154900 45.782500000000006
155000 45.9037
155100 45.5705
155200 45.8814
155300 46.131699999999995
155400 46.083299999999994
155500 46.236000000000004
155600 46.09259999999999
155700 46.0927
155800 45.8217
155900 46.2637
156000 46.158
156100 46.1308
156200 46.5006
156300 46.077600000000004
156400 46.0512
156500 46.147800000000004
156600 46.168800000000005
156700 46.304300000000005
156800 46.3865
156900 46.303
157000 46.3957
157100 46.39520000000001
157200 46.28360000000001
157300 46.302
157400 46.2992
157500 46.5028
157600 46.068
157700 46.36150000000001
157800 45.967000000000006
157900 46.348800000000004
158000 46.259600000000006
158100 46.181799999999996
158200 46.21660000000001
158300 46.3478
158400 46.233799999999995
158500 46.3318
158600 46.4486
158700 46.541
158800 46.3787
158900 46.4328
159000 46.643899999999995
159100 46.673899999999996
159200 46.9299
159300 46.68379999999999
159400 46.834500000000006
159500 46.887
159600 46.956599999999995
159700 46.908199999999994
159800 46.6753
159900 47.20720000000001
160000 47.0696
160100 47.1016
