10100 0.0
10200 -0.039599999999992974
10300 0.09210000000000207
10400 0.1921999999999997
10500 0.13309999999999178
10600 0.23679999999999524
10700 0.11060000000000514
10800 0.2849999999999966
10900 0.44489999999998986
11000 0.30229999999999535
11100 0.2610000000000028
11200 0.4666000000000068
11300 0.48380000000000223
11400 0.39929999999999666
11500 0.4210999999999956
11600 0.35419999999999874
11700 0.44140000000000157
11800 0.3442000000000007
11900 0.28539999999999566
12000 0.3369
12100 0.7099999999999937
12200 0.6041999999999916
12300 0.6365000000000052
12400 0.3218999999999994
12500 0.6338000000000079
12600 0.4724000000000004
12700 0.44890000000000185
12800 0.6104000000000056
12900 0.5406000000000049
13000 0.3995999999999924
13100 0.6424000000000021
13200 0.5672999999999959
13300 0.40920000000000556
13400 0.4673999999999978
13500 0.4280000000000044
13600 0.47570000000000334
13700 0.5162000000000049
13800 0.5268000000000086
13900 0.4860999999999933
14000 0.7069000000000045
14100 0.42970000000000397
14200 0.7361000000000075
14300 0.4755999999999929
14400 0.4995999999999938
14500 0.5009000000000015
14600 0.45520000000000493
14700 0.5327999999999946
14800 0.40690000000000026
14900 0.5058000000000007
15000 0.36129999999999285
15100 0.527799999999992
15200 0.35950000000000415
15300 0.5848000000000013
15400 0.6711000000000027
15500 0.6281999999999925
15600 0.5356000000000023
15700 0.3633999999999986
15800 0.5814999999999912
15900 0.5091999999999928
16000 0.6754000000000033
16100 0.6695000000000064
16200 0.6185000000000045
16300 0.5860999999999947
16400 0.718199999999996
16500 0.7596999999999952
16600 0.7531999999999996
16700 1.0380000000000038
16800 0.5847000000000051
16900 0.6585999999999999
17000 0.6592999999999947
17100 0.610599999999998
17200 0.6739999999999995
17300 0.5693999999999946
17400 0.5551999999999921
17500 0.6533999999999978
17600 0.8509999999999991
17700 0.5317999999999969
17800 0.5471999999999966
17900 0.398299999999999
18000 0.6041999999999987
18100 0.5838999999999999
18200 0.7982999999999976
18300 0.8354999999999961
18400 0.5472999999999999
18500 0.5696000000000012
18600 0.5442000000000036
18700 0.6003999999999934
18800 0.6133000000000024
18900 0.6379999999999981
19000 0.8596000000000004
19100 0.47459999999999525
19200 0.8329999999999913
19300 0.6955000000000027
19400 0.8076000000000008
19500 0.8900999999999968
19600 0.8223999999999947
19700 0.6275999999999939
19800 0.7440000000000069
19900 0.7143999999999906
20000 0.6996000000000038
20100 0.6040000000000063
20200 0.7494999999999905
20300 0.5545000000000044
20400 0.6875999999999962
20500 0.5964000000000027
20600 0.7484000000000037
20700 0.741500000000002
20800 0.7698000000000036
20900 0.7306999999999988
21000 0.9198999999999984
21100 0.7250000000000085
21200 0.5388000000000019
21300 0.6360999999999919
21400 0.7338999999999984
21500 0.5879000000000048
21600 0.8569999999999922
21700 0.6638000000000019
21800 0.7623000000000033
21900 0.7383000000000024
22000 0.7197000000000031
22100 0.8115000000000023
22200 0.8889000000000067
22300 0.7314000000000078
22400 0.7566000000000059
22500 1.0535999999999959
22600 0.7693999999999974
22700 0.8660999999999959
22800 0.9231999999999942
22900 0.9033000000000015
23000 0.9137999999999948
23100 0.8980999999999995
23200 0.8850999999999942
23300 0.866100000000003
23400 0.8007999999999953
23500 0.8519999999999968
23600 0.8462000000000032
23700 0.8323000000000036
23800 0.7930999999999955
23900 0.7440000000000069
24000 0.7218999999999909
24100 0.6854999999999976
24200 0.8267999999999915
24300 0.9157000000000011
24400 0.726700000000001
24500 0.8930000000000007
24600 0.8712000000000018
24700 0.9786000000000001
24800 0.9239000000000033
24900 1.0300999999999974
25000 0.8386999999999958
25100 0.9091000000000022
25200 0.8350000000000009
25300 0.6859999999999999
25400 0.9671000000000021
25500 0.9045000000000059
25600 0.9947999999999908
25700 0.7953999999999937
25800 1.1743999999999986
25900 0.6094000000000008
26000 0.8684000000000012
26100 0.9352000000000018
26200 1.0555999999999983
26300 0.9406999999999996
26400 0.709699999999998
26500 0.9168999999999983
26600 0.7857999999999947
26700 1.0094999999999956
26800 0.7719999999999914
26900 0.8731000000000009
27000 0.9699999999999989
27100 0.8041000000000054
27200 1.0860999999999947
27300 0.9444000000000017
27400 0.7449000000000012
27500 0.7701999999999956
27600 0.9239000000000033
27700 0.9216000000000051
27800 1.1109000000000009
27900 1.1278999999999968
28000 0.8022999999999954
28100 0.8079999999999998
28200 0.9221999999999966
28300 0.933799999999998
28400 0.9173999999999936
28500 0.9960000000000022
28600 0.8046000000000006
28700 1.1338000000000008
28800 0.9986999999999924
28900 1.2323000000000022
29000 0.9408999999999921
29100 1.0213000000000036
29200 0.7939000000000007
29300 0.9722000000000008
29400 0.897199999999998
29500 0.9421999999999926
29600 1.031000000000006
29700 0.9640999999999948
29800 1.0349999999999966
29900 0.9817000000000036
30000 0.9847000000000037
30100 1.1410000000000053
30200 1.2408999999999963
30300 0.9941999999999922
30400 0.8983999999999952
30500 0.9477000000000046
30600 0.7900000000000063
30700 1.157199999999996
30800 0.9644999999999939
30900 1.3613999999999962
31000 1.0859999999999985
31100 1.025100000000002
31200 1.1755999999999958
31300 1.0594999999999999
31400 0.9206000000000074
31500 1.0711999999999975
31600 1.018500000000003
31700 0.9575999999999922
31800 0.9951000000000008
31900 1.002599999999994
32000 1.0671000000000035
32100 1.000399999999992
32200 1.139000000000003
32300 1.0953999999999908
32400 0.911200000000008
32500 1.0433999999999983
32600 1.045099999999998
32700 0.887999999999991
32800 1.0678000000000054
32900 1.1359999999999957
33000 0.9984999999999999
33100 0.9316999999999993
33200 0.9207999999999998
33300 1.0825999999999922
33400 1.0375999999999905
33500 1.1056000000000026
33600 1.0371999999999915
33700 0.9294999999999973
33800 0.8552999999999997
33900 1.024000000000001
34000 0.801400000000001
34100 0.7997000000000014
34200 1.0653999999999968
34300 0.8686999999999969
34400 1.1631
34500 1.0117000000000047
34600 1.0533999999999963
34700 1.1121999999999943
34800 1.0878000000000014
34900 1.0161999999999978
35000 0.9527999999999963
35100 1.0120000000000005
35200 1.033699999999996
35300 0.8657000000000039
35400 1.203400000000002
35500 0.9224000000000032
35600 1.0807000000000073
35700 0.9629000000000048
35800 1.0664999999999978
35900 1.2129000000000048
36000 1.049900000000001
36100 1.0995999999999952
36200 1.1888999999999967
36300 1.0260000000000034
36400 1.1791999999999945
36500 0.9055000000000035
36600 1.019900000000007
36700 1.079899999999995
36800 0.7674999999999983
36900 0.9479999999999933
37000 1.0724000000000018
37100 0.8669000000000011
37200 0.8963000000000036
37300 0.9399999999999906
37400 0.7871999999999986
37500 0.8185000000000002
37600 0.8293999999999997
37700 0.701900000000002
37800 1.0427999999999926
37900 0.9593999999999951
38000 1.115000000000009
38100 1.001899999999992
38200 1.2376000000000005
38300 1.1118000000000023
38400 1.2332999999999927
38500 1.2032000000000025
38600 1.228999999999992
38700 1.1796000000000006
38800 1.0619999999999976
38900 1.0622000000000043
39000 1.018099999999997
39100 1.0992999999999924
39200 1.2403000000000048
39300 1.0266999999999982
39400 1.0208000000000013
39500 1.008499999999998
39600 1.2021000000000015
39700 0.9510999999999896
39800 1.2408999999999963
39900 1.0461000000000027
40000 0.9775999999999954
40100 1.1000000000000014
40200 1.0414999999999992
40300 1.232999999999997
40400 1.060699999999997
40500 1.1577000000000055
40600 1.088799999999999
40700 1.0037000000000091
40800 1.165699999999994
40900 1.348700000000001
41000 1.3160999999999916
41100 1.1625999999999976
41200 1.1425999999999945
41300 1.2075000000000031
41400 1.1569000000000003
41500 1.0840999999999994
41600 1.5744000000000042
41700 1.2944999999999993
41800 0.9483999999999995
41900 0.9491000000000014
42000 1.0493000000000094
42100 1.1645000000000039
42200 1.6178000000000026
42300 1.0708999999999946
42400 1.2120000000000033
42500 1.2380000000000067
42600 1.3289000000000044
42700 1.275500000000008
42800 1.4074000000000026
42900 1.4181999999999988
43000 1.1624000000000052
43100 1.2194999999999965
43200 1.4062000000000054
43300 1.2249999999999943
43400 1.3326999999999956
43500 1.2622999999999962
43600 1.308799999999998
43700 1.1326999999999927
43800 1.2886000000000024
43900 1.3638000000000048
44000 1.5776000000000039
44100 1.3300000000000054
44200 1.7364999999999995
44300 1.551000000000002
44400 1.4692999999999898
44500 1.660899999999998
44600 1.4335999999999984
44700 1.4939999999999998
44800 1.4246999999999943
44900 1.6060000000000016
45000 1.393099999999997
45100 1.3447999999999993
45200 1.5292999999999992
45300 1.4512999999999963
45400 1.4236999999999966
45500 1.3004000000000033
45600 1.5486999999999966
45700 1.6000999999999976
45800 1.5146000000000086
45900 1.5253999999999976
46000 1.4514999999999958
46100 1.5793000000000035
46200 1.5345000000000013
46300 1.6839000000000013
46400 1.5829999999999984
46500 1.6635000000000062
46600 1.893099999999997
46700 1.8710999999999913
46800 1.6550000000000011
46900 1.7406999999999968
47000 1.6988999999999947
47100 1.8418999999999954
47200 1.8108999999999966
47300 1.852499999999992
47400 1.7441999999999993
47500 1.868000000000002
47600 1.882099999999994
47700 1.8385000000000034
47800 2.104700000000001
47900 1.6430000000000007
48000 2.009900000000002
48100 1.8722000000000065
48200 1.8885000000000005
48300 1.9069999999999965
48400 2.1291999999999973
48500 1.8429000000000073
48600 1.7367000000000061
48700 1.9759000000000029
48800 1.7175000000000011
48900 1.8793000000000077
49000 1.7834000000000003
49100 1.970399999999998
49200 1.9602000000000004
49300 1.9107999999999947
49400 1.9331999999999994
49500 1.8665999999999983
49600 1.9784999999999968
49700 1.839500000000001
49800 1.915399999999991
49900 1.678200000000004
50000 1.9302000000000064
50100 1.7569000000000017
50200 1.9280000000000044
50300 1.718599999999995
50400 1.8858999999999995
50500 1.7768000000000015
50600 1.9157999999999973
50700 1.796999999999997
50800 1.7316000000000003
50900 1.8689999999999998
51000 1.665299999999995
51100 1.8614999999999995
51200 1.9016999999999982
51300 1.7579999999999956
51400 1.9238999999999962
51500 1.7495999999999938
51600 2.0623000000000005
51700 1.5873000000000062
51800 2.1762000000000015
51900 1.7837000000000032
52000 1.9487000000000023
52100 1.923499999999997
52200 1.908300000000004
52300 1.8796000000000035
52400 2.0093999999999994
52500 2.082499999999996
52600 2.107299999999995
52700 1.9465000000000003
52800 2.089500000000001
52900 1.908600000000007
53000 2.217099999999995
53100 2.0571000000000055
53200 2.2329000000000008
53300 1.9453999999999922
53400 1.8966000000000065
53500 2.122399999999999
53600 2.093999999999994
53700 1.7286000000000072
53800 2.3514000000000053
53900 2.0623000000000005
54000 1.8763999999999967
54100 2.0804999999999936
54200 2.0508999999999986
54300 2.113999999999997
54400 2.1632999999999996
54500 2.1990999999999943
54600 2.1517000000000053
54700 2.136199999999995
54800 2.212299999999999
54900 2.127200000000002
55000 2.152799999999999
55100 2.2701999999999956
55200 2.0393999999999934
55300 2.2996999999999943
55400 2.5031000000000034
55500 2.0719999999999956
55600 2.5020999999999987
55700 2.0548999999999964
55800 2.4021999999999935
55900 2.1188999999999965
56000 2.1839999999999975
56100 2.4598999999999975
56200 2.2993999999999986
56300 2.160100000000007
56400 2.3964
56500 2.269200000000005
56600 2.219300000000004
56700 2.332499999999996
56800 2.345499999999994
56900 2.6015999999999906
57000 2.2460999999999984
57100 2.533999999999999
57200 2.601299999999995
57300 2.518099999999997
57400 2.718499999999999
57500 2.5497000000000014
57600 2.8259000000000043
57700 2.461500000000008
57800 2.5895999999999972
57900 2.749600000000001
58000 2.626199999999997
58100 2.698599999999999
58200 2.5508999999999986
58300 2.7142999999999944
58400 2.6696000000000026
58500 2.710099999999997
58600 2.737800000000007
58700 2.7313000000000045
58800 2.7491999999999948
58900 2.5112000000000094
59000 2.971900000000005
59100 2.722999999999992
59200 2.805400000000006
59300 2.7223999999999933
59400 2.9476999999999975
59500 3.1019000000000077
59600 2.7020000000000053
59700 2.9609000000000023
59800 3.0116000000000085
59900 2.846999999999994
60000 3.0241999999999933
60100 2.9577000000000027
60200 3.191200000000002
60300 3.003300000000003
60400 3.385699999999993
60500 3.1651999999999916
60600 3.345700000000001
60700 3.5686999999999927
60800 3.5630000000000024
60900 3.7712999999999965
61000 3.5443
61100 3.791499999999992
61200 3.951499999999996
61300 3.8466000000000022
61400 4.043199999999999
61500 3.957799999999999
61600 4.3511999999999915
61700 3.979700000000001
61800 4.270699999999991
61900 4.372099999999996
62000 4.3369
62100 4.484800000000007
62200 4.578400000000002
62300 4.7708999999999975
62400 4.703499999999998
62500 4.973400000000005
62600 4.770200000000003
62700 5.255000000000003
62800 5.248399999999997
62900 5.455699999999993
63000 5.698100000000004
63100 5.853099999999991
63200 5.8962999999999965
63300 5.967000000000006
63400 6.086999999999996
63500 6.532299999999992
63600 6.493400000000001
63700 6.753099999999996
63800 6.744599999999998
63900 6.9101
64000 7.163600000000002
64100 6.993499999999997
64200 6.94639999999999
64300 7.5589999999999975
64400 7.115199999999994
64500 7.279699999999998
64600 7.416499999999999
64700 7.6432
64800 7.612999999999992
64900 8.086299999999994
65000 8.455399999999997
65100 8.514199999999995
65200 8.7136
65300 9.281399999999998
65400 9.4589
65500 9.679499999999997
65600 10.059000000000005
65700 10.434399999999997
65800 10.551400000000001
65900 11.145299999999999
66000 11.130699999999997
66100 11.541899999999998
66200 12.149999999999991
66300 12.437800000000003
66400 13.051899999999996
66500 13.202199999999998
66600 13.555
66700 14.132799999999996
66800 14.187799999999996
66900 14.942699999999995
67000 15.180299999999995
67100 15.391100000000002
67200 15.264500000000005
67300 15.838099999999997
67400 15.809200000000004
67500 16.0916
67600 16.265300000000003
67700 16.636200000000002
67800 16.8209
67900 16.886899999999997
68000 17.242599999999996
68100 17.416399999999996
68200 17.559700000000007
68300 17.759300000000003
68400 17.819700000000005
68500 18.09049999999999
68600 18.103300000000004
68700 18.0807
68800 18.384499999999996
68900 18.562400000000004
69000 18.672599999999996
69100 18.592999999999996
69200 18.738999999999997
69300 18.7553
69400 18.732600000000005
69500 19.056000000000004
69600 18.7828
69700 19.018100000000004
69800 18.981099999999998
69900 18.969100000000005
70000 18.974099999999993
70100 18.911500000000004
70200 18.6993
70300 19.05850000000001
70400 19.0158
70500 18.974599999999995
70600 19.0327
70700 19.224199999999996
70800 19.104599999999998
70900 18.991000000000007
71000 19.1466
71100 19.250700000000002
71200 19.3027
71300 19.348600000000005
71400 19.208800000000004
71500 19.198000000000008
71600 19.4891
71700 19.541600000000003
71800 19.719499999999996
71900 19.59499999999999
72000 19.5636
72100 19.7986
72200 20.015699999999995
72300 19.9572
72400 19.806999999999995
72500 20.051699999999997
72600 19.9351
72700 20.2301
72800 20.259
72900 20.6282
73000 20.354799999999997
73100 20.594899999999996
73200 20.805000000000007
73300 20.740300000000005
73400 21.137499999999996
73500 21.171999999999997
73600 21.343400000000003
73700 21.4557
73800 21.703999999999994
73900 21.309099999999994
74000 21.585800000000006
74100 21.573700000000002
74200 21.812600000000003
74300 21.967499999999994
74400 22.155199999999994
74500 21.9555
74600 21.6928
74700 22.15639999999999
74800 22.205200000000005
74900 22.459500000000006
75000 22.043299999999995
75100 22.238000000000007
75200 22.561300000000003
75300 22.6068
75400 22.23539999999999
75500 22.433500000000002
75600 22.450400000000002
75700 22.331699999999998
75800 22.2842
75900 22.5833
76000 22.312600000000003
76100 22.44769999999999
76200 22.4827
76300 22.5728
76400 22.484699999999997
76500 22.702800000000003
76600 22.371000000000002
76700 22.58319999999999
76800 22.59109999999999
76900 22.367800000000003
77000 22.48689999999999
77100 22.65
77200 22.548300000000005
77300 22.492399999999996
77400 22.560999999999993
77500 22.543999999999997
77600 22.329300000000003
77700 22.6633
77800 22.563700000000004
77900 22.3181
78000 22.222199999999994
78100 22.975299999999997
78200 22.8493
78300 22.780299999999997
78400 22.846999999999994
78500 23.109
78600 22.993699999999997
78700 22.952999999999996
78800 23.1875
78900 22.9797
79000 22.8433
79100 23.067100000000003
79200 23.242000000000004
79300 23.12639999999999
79400 22.8594
79500 23.178099999999993
79600 23.067
79700 23.163100000000007
79800 23.329600000000006
79900 23.0833
80000 23.418099999999995
80100 23.250200000000007
80200 23.419400000000003
80300 23.084400000000002
80400 23.3998
80500 23.0068
80600 23.226
80700 23.65180000000001
80800 23.4493
80900 23.7213
81000 23.8887
81100 23.360000000000007
81200 23.700700000000005
81300 23.789100000000005
81400 23.816899999999997
81500 23.666000000000004
81600 23.759099999999997
81700 23.659299999999995
81800 24.022
81900 24.115000000000002
82000 23.942800000000005
82100 24.133599999999994
82200 24.359099999999998
82300 24.043099999999995
82400 24.373800000000003
82500 24.11059999999999
82600 24.665099999999995
82700 24.2228
82800 24.507500000000007
82900 24.782799999999995
83000 24.513900000000007
83100 24.6552
83200 24.646799999999992
83300 24.4351
83400 24.875400000000006
83500 24.5283
83600 24.625199999999992
83700 24.746199999999995
83800 24.69489999999999
83900 24.461
84000 24.4921
84100 24.365599999999993
84200 24.406400000000005
84300 24.295600000000007
84400 24.1154
84500 24.2643
84600 24.4296
84700 24.420900000000003
84800 24.40469999999999
84900 24.312800000000003
85000 24.984499999999997
85100 24.606099999999998
85200 24.761399999999995
85300 24.7369
85400 25.009299999999996
85500 24.741300000000003
85600 24.943600000000004
85700 24.781599999999997
85800 24.886999999999993
85900 24.913800000000002
86000 25.1918
86100 25.106899999999996
86200 25.071599999999997
86300 25.0721
86400 25.3446
86500 25.3677
86600 25.34190000000001
86700 25.355999999999995
86800 25.125999999999998
86900 25.5385
87000 25.491299999999995
87100 25.3264
87200 25.511699999999998
87300 25.278500000000008
87400 25.663799999999995
87500 25.786199999999994
87600 25.434199999999997
87700 25.575699999999998
87800 25.568700000000007
87900 25.339200000000005
88000 25.521299999999997
88100 25.646599999999992
88200 25.555800000000005
88300 25.908799999999992
88400 25.518
88500 26.238699999999994
88600 26.130399999999995
88700 26.099300000000007
88800 26.1809
88900 26.1888
89000 26.067100000000003
89100 26.3718
89200 26.46049999999999
89300 26.097100000000005
89400 26.4551
89500 26.4026
89600 26.425200000000004
89700 26.307300000000005
89800 26.5756
89900 26.419099999999993
90000 26.411700000000003
90100 26.2329
90200 26.388199999999998
90300 26.3399
90400 26.592200000000005
90500 26.488600000000005
90600 26.981800000000007
90700 26.482099999999996
90800 26.553700000000006
90900 26.56790000000001
91000 26.607899999999994
91100 26.8641
91200 26.5083
91300 26.7712
91400 26.7177
91500 26.822899999999997
91600 26.855400000000003
91700 26.8985
91800 26.740499999999997
91900 26.954599999999992
92000 26.889599999999994
92100 26.944499999999998
92200 27.0353
92300 26.883199999999995
92400 27.239200000000004
92500 27.036299999999997
92600 27.295900000000003
92700 27.054500000000004
92800 27.292499999999997
92900 27.605300000000007
93000 27.163100000000007
93100 27.412700000000008
93200 27.578399999999995
93300 27.490400000000008
93400 27.638600000000004
93500 27.697799999999994
93600 27.4795
93700 27.363299999999995
93800 27.6548
93900 27.572499999999998
94000 27.31219999999999
94100 27.506
94200 27.5336
94300 27.668699999999994
94400 27.480300000000007
94500 27.672800000000002
94600 27.930499999999995
94700 27.610599999999998
94800 27.5706
94900 27.9469
95000 27.806800000000003
95100 27.913999999999994
95200 27.745199999999997
95300 27.815599999999996
95400 27.753400000000006
95500 27.924
95600 28.094499999999996
95700 28.00529999999999
95800 28.0713
95900 28.154200000000003
96000 28.147199999999998
96100 28.382700000000007
96200 28.1655
96300 28.432999999999993
96400 28.469500000000004
96500 28.561499999999995
96600 28.493599999999994
96700 28.357799999999997
96800 28.653999999999996
96900 28.356699999999996
97000 28.489000000000004
97100 28.411699999999996
97200 28.6847
97300 28.768499999999996
97400 28.6044
97500 28.983600000000003
97600 28.6319
97700 28.667099999999998
97800 28.652600000000007
97900 28.474400000000003
98000 28.7087
98100 28.662
98200 28.651200000000003
98300 28.570499999999996
98400 28.712599999999995
98500 28.427300000000002
98600 28.877299999999998
98700 28.5188
98800 28.570899999999995
98900 28.9118
99000 28.9414
99100 28.573299999999996
99200 29.053600000000003
99300 29.004399999999997
99400 28.866600000000005
99500 29.158300000000004
99600 29.294599999999996
99700 29.129599999999996
99800 29.406999999999996
99900 29.399100000000004
100000 29.388400000000004
100100 29.5092
100200 29.600400000000008
100300 29.5531
100400 29.32589999999999
100500 29.4625
100600 29.581500000000005
100700 29.7768
100800 29.528400000000005
100900 29.71739999999999
101000 29.462399999999995
101100 30.025599999999997
101200 29.606500000000004
101300 29.826300000000003
101400 29.8301
101500 29.6715
101600 29.739599999999996
101700 29.5702
101800 29.64
101900 29.8247
102000 29.5961
102100 29.619600000000005
102200 29.6738
102300 29.780300000000004
102400 29.753800000000005
102500 29.8373
102600 29.682899999999997
102700 29.574299999999994
102800 29.888799999999996
102900 29.824999999999996
103000 29.61789999999999
103100 30.112699999999997
103200 30.281
103300 29.992999999999995
103400 30.325199999999995
103500 30.2294
103600 30.442300000000003
103700 30.227000000000004
103800 30.182300000000005
103900 30.329399999999993
104000 30.3144
104100 30.423199999999994
104200 30.281899999999993
104300 30.437499999999993
104400 30.665700000000008
104500 30.7939
104600 30.8506
104700 30.793899999999994
104800 30.841700000000003
104900 30.813699999999997
105000 30.748899999999992
105100 30.959699999999998
105200 30.989799999999995
105300 30.838299999999997
105400 30.9548
105500 30.879399999999997
105600 30.927699999999994
105700 30.9972
105800 30.9563
105900 31.215300000000006
106000 31.221600000000002
106100 30.711900000000007
106200 30.89
106300 30.714199999999998
106400 31.22489999999999
106500 31.265699999999995
106600 31.3052
106700 31.177099999999996
106800 30.973200000000006
106900 31.332
107000 31.322699999999998
107100 31.174500000000002
107200 31.188000000000002
107300 31.326
107400 31.681599999999996
107500 31.462999999999994
107600 31.148200000000003
107700 31.4643
107800 31.683099999999996
107900 31.793099999999995
108000 31.746699999999997
108100 31.8574
108200 31.9307
108300 31.7331
108400 31.763399999999997
108500 31.757999999999996
108600 31.693099999999994
108700 31.739200000000004
108800 31.7408
108900 31.89719999999999
109000 31.760000000000005
109100 32.02349999999999
109200 32.0488
109300 31.691599999999994
109400 31.752000000000002
109500 31.864199999999997
109600 32.3198
109700 32.0758
109800 32.160399999999996
109900 32.0773
110000 32.379400000000004
110100 32.494699999999995
110200 32.3736
110300 32.184599999999996
110400 32.343300000000006
110500 32.6311
110600 32.527300000000004
110700 32.53210000000001
110800 32.135400000000004
110900 32.4233
111000 32.58819999999999
111100 32.578799999999994
111200 32.5122
111300 32.6108
111400 32.9414
111500 32.921600000000005
111600 33.0472
111700 32.806200000000004
111800 32.661699999999996
111900 32.5261
112000 32.735699999999994
112100 32.620799999999996
112200 32.87969999999999
112300 32.7817
112400 32.807900000000004
112500 32.836099999999995
112600 33.1696
112700 33.2893
112800 32.89399999999999
112900 33.1983
113000 33.304300000000005
113100 33.058299999999996
113200 32.9932
113300 33.09949999999999
113400 33.159000000000006
113500 33.0895
113600 33.2487
113700 33.2098
113800 33.217800000000004
113900 32.9282
114000 33.2433
114100 33.40559999999999
114200 33.42060000000001
114300 33.3341
114400 33.48479999999999
114500 33.8967
114600 33.794200000000004
114700 33.877900000000004
114800 33.8923
114900 34.06300000000001
115000 33.8514
115100 33.7916
115200 33.8883
115300 34.0018
115400 33.992999999999995
115500 33.9154
115600 33.9036
115700 33.9072
115800 34.0209
115900 33.90979999999999
116000 34.256699999999995
116100 34.2383
116200 34.247899999999994
116300 34.1567
116400 34.307500000000005
116500 34.294000000000004
116600 34.133300000000006
116700 34.127399999999994
116800 34.346900000000005
116900 34.24640000000001
117000 34.217099999999995
117100 34.2225
117200 34.195899999999995
117300 34.345800000000004
117400 34.296899999999994
117500 34.42909999999999
117600 34.29229999999999
117700 34.2666
117800 34.298
117900 34.614
118000 34.60309999999999
118100 34.50939999999999
118200 34.8814
118300 34.375499999999995
118400 34.6984
118500 35.00110000000001
118600 34.7426
118700 34.8429
118800 34.64229999999999
118900 35.02289999999999
119000 34.93320000000001
119100 34.91850000000001
119200 35.0197
119300 35.285
119400 35.09689999999999
119500 35.47689999999999
119600 35.27310000000001
119700 35.064400000000006
119800 35.09119999999999
119900 34.9756
120000 35.065200000000004
120100 35.138000000000005
120200 35.0025
120300 35.0424
120400 35.041399999999996
120500 35.267399999999995
120600 35.255799999999994
120700 35.370900000000006
120800 35.2992
120900 35.353
121000 35.52259999999999
121100 35.5528
121200 35.38349999999999
121300 35.421400000000006
121400 35.462999999999994
121500 35.60430000000001
121600 35.6232
121700 35.524
121800 35.627900000000004
121900 35.68000000000001
122000 35.6808
122100 35.664100000000005
122200 35.85960000000001
122300 35.821
122400 35.67399999999999
122500 35.83389999999999
122600 36.042899999999996
122700 35.609
122800 35.79959999999999
122900 35.8961
123000 36.1244
123100 36.2233
123200 36.21829999999999
123300 36.561699999999995
123400 36.28459999999999
123500 36.434599999999996
123600 36.265699999999995
123700 36.695299999999996
123800 36.3484
123900 36.51069999999999
124000 36.3018
124100 36.03210000000001
124200 36.70649999999999
124300 36.58559999999999
124400 36.5615
124500 36.2352
124600 36.5604
124700 36.4628
124800 36.3508
124900 36.5033
125000 36.4499
125100 36.2944
125200 36.3536
125300 36.6686
125400 36.474900000000005
125500 36.9308
125600 36.665600000000005
125700 36.9914
125800 36.7131
125900 36.8123
126000 36.97019999999999
126100 36.956900000000005
126200 36.9744
126300 37.2219
126400 37.007
126500 37.346799999999995
126600 37.218399999999995
126700 37.358599999999996
126800 37.057199999999995
126900 37.4947
127000 37.64490000000001
127100 37.546099999999996
127200 37.539
127300 37.4503
127400 37.8233
127500 37.607099999999996
127600 37.7073
127700 37.5453
127800 37.618100000000005
127900 37.6542
128000 37.58969999999999
128100 37.285799999999995
128200 37.460300000000004
128300 37.7598
128400 37.5565
128500 37.664699999999996
128600 37.553799999999995
128700 37.677600000000005
128800 37.545300000000005
128900 37.66029999999999
129000 37.771899999999995
129100 37.8054
129200 37.57040000000001
129300 38.083299999999994
129400 37.74369999999999
129500 37.943299999999994
129600 37.9743
129700 38.0764
129800 38.031400000000005
129900 38.27569999999999
130000 37.93279999999999
130100 38.42649999999999
130200 38.343999999999994
130300 38.29579999999999
130400 38.438
130500 38.2385
130600 38.642799999999994
130700 38.310399999999994
130800 38.649800000000006
130900 38.0965
131000 38.6939
131100 38.347899999999996
131200 38.336999999999996
131300 38.689899999999994
131400 38.282399999999996
131500 38.631699999999995
131600 38.569399999999995
131700 38.683899999999994
131800 38.572599999999994
131900 38.559999999999995
132000 38.5713
132100 38.623099999999994
132200 38.6832
132300 38.868700000000004
132400 38.8779
132500 38.727999999999994
132600 38.681799999999996
132700 38.76780000000001
132800 38.7564
132900 38.81830000000001
133000 38.693099999999994
133100 38.9387
133200 38.9268
133300 39.135400000000004
133400 38.95709999999999
133500 38.94310000000001
133600 38.9739
133700 38.891299999999994
133800 39.0403
133900 39.41270000000001
134000 39.147099999999995
134100 39.331700000000005
134200 39.5625
134300 39.326499999999996
134400 39.426700000000004
134500 39.497499999999995
134600 39.78609999999999
134700 39.62109999999999
134800 39.7098
134900 39.8713
135000 39.7793
135100 39.86919999999999
135200 39.985299999999995
135300 39.9986
135400 40.0326
135500 39.76930000000001
135600 39.811699999999995
135700 39.8086
135800 40.0017
135900 39.818599999999996
136000 39.7015
136100 39.5053
136200 39.829
136300 39.7027
136400 39.7596
136500 39.305
136600 39.723800000000004
136700 39.7305
136800 39.753499999999995
136900 39.5017
137000 39.6678
137100 39.9224
137200 39.80389999999999
137300 40.403499999999994
137400 40.080000000000005
137500 39.9773
137600 40.0919
137700 40.20029999999999
137800 40.3495
137900 40.3643
138000 40.6191
138100 40.285000000000004
138200 40.73049999999999
138300 40.61670000000001
138400 40.5848
138500 40.919399999999996
138600 40.969500000000004
138700 40.894600000000004
138800 40.9586
138900 40.7784
139000 41.0538
139100 40.988499999999995
139200 40.9525
139300 41.052299999999995
139400 41.50950000000001
139500 41.0391
139600 41.287299999999995
139700 41.1215
139800 41.0184
139900 40.98160000000001
140000 41.162800000000004
140100 41.0672
140200 40.890299999999996
140300 40.8608
140400 41.1553
140500 41.4842
140600 41.06550000000001
140700 41.073899999999995
140800 41.083000000000006
140900 41.19389999999999
141000 41.589800000000004
141100 41.4276
141200 41.22099999999999
141300 41.2365
141400 41.206300000000006
141500 41.5515
141600 41.606899999999996
141700 41.51599999999999
141800 41.4544
141900 41.633900000000004
142000 41.80030000000001
142100 41.834599999999995
142200 42.063900000000004
142300 42.170199999999994
142400 41.962
142500 41.90599999999999
142600 42.17509999999999
142700 42.101400000000005
142800 42.0896
142900 41.9977
143000 42.113899999999994
143100 42.450500000000005
143200 42.3288
143300 42.1043
143400 42.146
143500 42.18150000000001
143600 42.190599999999996
143700 42.3097
143800 42.2027
143900 42.212399999999995
144000 42.23349999999999
144100 42.3694
144200 42.34689999999999
144300 42.2571
144400 42.3706
144500 42.4567
144600 42.4624
144700 42.438100000000006
144800 42.4731
144900 42.103500000000004
145000 42.656099999999995
145100 42.599999999999994
145200 42.527699999999996
145300 42.4612
145400 42.764799999999994
145500 42.7031
145600 42.450500000000005
145700 42.5764
145800 42.8055
145900 42.7574
146000 43.1333
146100 42.639700000000005
146200 42.865899999999996
146300 43.1127
146400 42.831700000000005
146500 42.89340000000001
146600 43.00639999999999
146700 43.0621
146800 43.259499999999996
146900 42.9478
147000 43.008599999999994
147100 43.0813
147200 43.16139999999999
147300 43.213499999999996
147400 43.269999999999996
147500 43.49250000000001
147600 43.2235
147700 43.1489
147800 43.28620000000001
147900 43.5607
148000 43.4279
148100 43.3028
148200 43.1636
148300 43.6235
148400 43.58860000000001
148500 43.501
148600 43.7017
148700 43.8142
148800 43.644600000000004
148900 43.90689999999999
149000 43.547900000000006
149100 43.8342
149200 43.714099999999995
149300 43.9659
149400 43.9151
149500 43.9031
149600 43.8053
149700 44.0349
149800 43.9942
149900 43.906
150000 43.9889
150100 43.692
150200 44.0736
150300 43.985699999999994
150400 44.0717
150500 43.7599
150600 44.2352
150700 44.242399999999996
150800 44.5474
150900 43.9635
151000 44.15129999999999
151100 44.31379999999999
151200 44.2894
151300 44.3422
151400 44.5674
151500 44.4371
151600 44.505799999999994
151700 44.305099999999996
151800 44.45309999999999
151900 44.5983
152000 44.415699999999994
152100 44.7819
152200 44.81689999999999
152300 44.7943
152400 44.7803
152500 45.03809999999999
152600 44.991
152700 45.0344
152800 45.1727
152900 45.0307
153000 45.2446
153100 44.8942
153200 45.106899999999996
153300 44.9406
153400 45.16290000000001
153500 45.0767
153600 45.363699999999994
153700 45.433800000000005
153800 45.262100000000004
153900 45.466300000000004
154000 45.2042
154100 45.674099999999996
154200 45.5813
154300 45.4365
154400 45.3631
154500 45.222699999999996
154600 45.55050000000001
154700 45.372800000000005
154800 45.28489999999999
154900 45.371500000000005
155000 45.46730000000001
155100 45.5667
155200 45.8232
155300 45.6609
155400 45.443400000000004
155500 45.836200000000005
155600 45.736
155700 46.04559999999999
155800 45.848400000000005
155900 45.8942
156000 45.836800000000004
156100 46.0067
156200 45.9675
156300 45.87370000000001
156400 46.22240000000001
156500 46.3073
156600 46.0572
156700 45.9344
156800 46.1601
156900 46.109899999999996
157000 46.1832
157100 46.3884
157200 46.333299999999994
157300 46.2261
157400 46.3358
157500 46.0827
157600 46.3711
157700 46.216499999999996
157800 46.11209999999999
157900 46.25189999999999
158000 46.371100000000006
158100 46.368
158200 46.404500000000006
158300 46.1861
158400 46.495900000000006
158500 46.348499999999994
158600 46.56940000000001
158700 46.4915
158800 46.49699999999999
158900 46.6118
159000 46.83970000000001
159100 46.54600000000001
159200 46.711
159300 46.7431
159400 46.571600000000004
159500 46.7655
159600 46.596700000000006
159700 46.712999999999994
159800 47.104399999999984
159900 46.87859999999999
160000 46.82090000000001
160100 46.8309
