10100 0.0
10200 0.1448999999999927
10300 0.17389999999999617
10400 0.0818000000000012
10500 0.22749999999999915
10600 0.20980000000000132
10700 0.12459999999999383
10800 0.2879999999999967
10900 0.29239999999998645
11000 0.169399999999996
11100 0.3943999999999903
11200 0.2822999999999922
11300 0.5235999999999947
11400 0.29229999999999734
11500 0.3388999999999953
11600 0.47529999999999006
11700 0.30299999999999727
11800 0.4648999999999859
11900 0.34599999999999653
12000 0.4994999999999905
12100 0.40159999999999485
12200 0.5019999999999953
12300 0.6677999999999855
12400 0.6010999999999953
12500 0.4814000000000007
12600 0.4706999999999937
12700 0.5562999999999931
12800 0.41859999999999076
12900 0.5664000000000016
13000 0.34959999999998814
13100 0.5748999999999924
13200 0.6007999999999925
13300 0.6071000000000026
13400 0.306599999999996
13500 0.4749999999999943
13600 0.34039999999998827
13700 0.515999999999984
13800 0.5448999999999984
13900 0.7785999999999902
14000 0.35249999999999915
14100 0.5690999999999917
14200 0.6997
14300 0.5413999999999959
14400 0.5481999999999942
14500 0.5759999999999863
14600 0.29999999999999005
14700 0.3943999999999832
14800 0.48349999999999227
14900 0.5122999999999962
15000 0.3697999999999979
15100 0.6539999999999893
15200 0.44019999999999726
15300 0.5454000000000008
15400 0.6184999999999903
15500 0.5263999999999953
15600 0.5283999999999978
15700 0.5208999999999975
15800 0.5838999999999999
15900 0.5698999999999899
16000 0.6034999999999897
16100 0.6105000000000018
16200 0.7685999999999993
16300 0.6763999999999868
16400 0.8688999999999965
16500 0.8710999999999913
16600 0.6975999999999871
16700 0.6855999999999938
16800 0.8609999999999971
16900 0.44019999999999726
17000 0.7025999999999897
17100 0.7881999999999962
17200 0.4964999999999904
17300 0.4970999999999961
17400 0.6772999999999882
17500 0.7005999999999943
17600 0.7560999999999964
17700 0.4532999999999845
17800 0.5147999999999939
17900 0.5351999999999961
18000 0.7375999999999934
18100 0.5090999999999966
18200 0.9142999999999901
18300 0.5953999999999908
18400 0.7833999999999932
18500 0.6000999999999905
18600 0.6121999999999872
18700 0.39349999999998886
18800 0.8293999999999926
18900 0.680499999999995
19000 0.6752999999999858
19100 0.573299999999989
19200 0.758899999999997
19300 0.6338000000000008
19400 0.8105999999999938
19500 0.9823000000000022
19600 0.8408000000000015
19700 0.8134000000000015
19800 0.7436999999999898
19900 0.465699999999984
20000 0.5665999999999869
20100 0.7854999999999919
20200 0.603199999999994
20300 0.7122999999999919
20400 0.7394999999999925
20500 0.7461999999999875
20600 0.5456999999999965
20700 0.9569999999999936
20800 0.6368000000000009
20900 0.9531999999999954
21000 0.8060999999999936
21100 0.754499999999986
21200 0.6425999999999945
21300 0.7235999999999905
21400 0.7044999999999959
21500 0.7194000000000003
21600 0.6592999999999947
21700 0.6536999999999935
21800 0.8404999999999987
21900 0.7463999999999942
22000 0.7047999999999988
22100 0.6863999999999919
22200 0.8489000000000004
22300 0.8566999999999894
22400 0.837299999999999
22500 0.9364999999999881
22600 0.8478999999999957
22700 0.7126999999999981
22800 0.8792999999999935
22900 0.8029999999999973
23000 0.9075999999999951
23100 1.000799999999991
23200 1.0429999999999993
23300 0.9054999999999893
23400 0.5570999999999913
23500 0.8208999999999946
23600 0.8544999999999945
23700 0.8130999999999986
23800 0.7665999999999968
23900 0.9978999999999871
24000 0.6002999999999901
24100 0.7298999999999864
24200 0.7894000000000005
24300 0.8719999999999857
24400 0.806999999999995
24500 0.8334999999999866
24600 1.0037999999999911
24700 0.8497999999999948
24800 0.8524999999999991
24900 0.9353999999999871
25000 0.8791999999999902
25100 0.7660999999999945
25200 1.1232999999999862
25300 0.7618000000000009
25400 1.0157999999999916
25500 0.7909999999999968
25600 0.9566999999999979
25700 0.8176999999999879
25800 1.095799999999997
25900 0.7530999999999963
26000 0.8338999999999857
26100 1.015199999999993
26200 0.9554999999999936
26300 1.0097000000000023
26400 0.979699999999994
26500 0.6796999999999898
26600 0.9442999999999913
26700 0.8839999999999932
26800 0.840699999999984
26900 0.9284999999999854
27000 0.8691999999999922
27100 1.1389999999999958
27200 0.8133999999999943
27300 0.9076999999999913
27400 0.7593999999999923
27500 0.9168999999999841
27600 0.9938000000000002
27700 1.0050999999999917
27800 0.7822999999999922
27900 1.1215999999999937
28000 1.067299999999996
28100 1.1299999999999883
28200 0.8501999999999867
28300 0.8542999999999878
28400 0.8602999999999952
28500 1.0026999999999973
28600 0.9641999999999911
28700 1.008899999999997
28800 1.0830999999999946
28900 1.131999999999998
29000 0.9363999999999919
29100 0.8093999999999966
29200 0.9398999999999944
29300 0.8387999999999849
29400 1.0338999999999956
29500 0.9979999999999976
29600 1.1351999999999904
29700 0.8303999999999974
29800 1.0278999999999883
29900 0.9723999999999933
30000 1.1505999999999972
30100 0.9110999999999976
30200 1.1772999999999954
30300 0.9890999999999863
30400 0.8856999999999928
30500 1.0526999999999873
30600 1.088000000000001
30700 0.9461999999999904
30800 1.048899999999989
30900 1.2164999999999893
31000 1.1436999999999955
31100 0.9863999999999962
31200 1.2112999999999872
31300 0.9490999999999943
31400 0.8349999999999937
31500 1.054799999999993
31600 1.0256999999999934
31700 1.0335999999999927
31800 1.1997999999999962
31900 0.9241999999999919
32000 0.9528999999999925
32100 1.0437000000000012
32200 1.0359999999999872
32300 1.096199999999989
32400 1.068499999999986
32500 1.0441999999999894
32600 1.0345999999999904
32700 1.0782999999999987
32800 0.9660999999999902
32900 1.294399999999989
33000 0.9842999999999975
33100 1.0768999999999878
33200 0.8428999999999931
33300 0.9959999999999951
33400 0.9423999999999921
33500 1.2753999999999976
33600 1.0249999999999844
33700 0.826999999999984
33800 1.0235999999999876
33900 0.8785999999999916
34000 0.9428999999999874
34100 0.7547999999999888
34200 0.8919999999999959
34300 1.0287999999999897
34400 1.0251999999999981
34500 0.9841999999999871
34600 0.9071999999999889
34700 0.760799999999989
34800 1.0175999999999874
34900 0.849499999999999
35000 1.1498999999999953
35100 0.8959999999999937
35200 0.9703999999999979
35300 0.9385999999999939
35400 0.9755999999999858
35500 0.9896999999999991
35600 0.8964999999999961
35700 1.0153999999999925
35800 0.9826999999999941
35900 1.015599999999992
36000 0.9114999999999895
36100 1.0656999999999854
36200 1.0069999999999908
36300 0.9714999999999918
36400 1.073299999999989
36500 0.9879999999999924
36600 0.8593999999999937
36700 1.0370999999999952
36800 0.9270999999999887
36900 0.8081999999999994
37000 1.0452999999999975
37100 0.8622999999999976
37200 0.6908999999999992
37300 0.819899999999997
37400 0.7970999999999862
37500 0.7479999999999905
37600 0.6892999999999958
37700 0.7321999999999917
37800 0.9551999999999978
37900 0.9725999999999999
38000 0.9910999999999959
38100 1.0075999999999965
38200 1.1518000000000015
38300 1.0996999999999986
38400 1.1251999999999853
38500 1.069499999999998
38600 1.1486000000000018
38700 1.1034999999999968
38800 1.1010999999999953
38900 0.9343999999999966
39000 1.0179999999999936
39100 1.0962999999999923
39200 1.0585999999999984
39300 0.9705999999999833
39400 0.9660999999999973
39500 1.0113999999999876
39600 1.1025999999999883
39700 1.0533999999999963
39800 1.2978999999999914
39900 0.9557999999999893
40000 0.8188999999999993
40100 0.9043999999999954
40200 0.98749999999999
40300 1.1008999999999887
40400 0.9731999999999914
40500 1.2384999999999877
40600 1.0812999999999917
40700 0.9146999999999963
40800 1.0837999999999965
40900 1.1281999999999925
41000 1.1840999999999937
41100 1.1666999999999987
41200 1.0882999999999967
41300 1.296199999999999
41400 1.1732000000000014
41500 1.2459999999999951
41600 1.189399999999992
41700 1.0556999999999874
41800 1.1839999999999975
41900 1.062100000000001
42000 0.9753999999999934
42100 1.1965999999999966
42200 1.0448999999999913
42300 1.1488999999999976
42400 1.1711999999999918
42500 1.3571999999999989
42600 1.0986999999999938
42700 1.285899999999991
42800 1.2886999999999915
42900 1.1784999999999997
43000 1.1114999999999995
43100 0.9687999999999874
43200 1.1544999999999845
43300 1.1091999999999942
43400 1.1500999999999948
43500 1.2345999999999862
43600 1.4046999999999983
43700 1.1896999999999949
43800 0.9251999999999896
43900 1.2485
44000 1.3294999999999888
44100 1.3214999999999932
44200 1.5471999999999966
44300 1.4007999999999896
44400 1.3999999999999986
44500 1.3563999999999936
44600 1.532999999999987
44700 1.3823000000000008
44800 1.1501999999999981
44900 1.3719999999999857
45000 1.2647999999999868
45100 1.263699999999993
45200 1.433899999999987
45300 1.3682999999999979
45400 1.2929999999999993
45500 1.2147999999999968
45600 1.4667999999999992
45700 1.4087999999999923
45800 1.4468999999999994
45900 1.5035999999999916
46000 1.227799999999995
46100 1.3534999999999968
46200 1.3297999999999917
46300 1.4881999999999849
46400 1.5302999999999898
46500 1.5866999999999933
46600 1.3475999999999928
46700 1.6414999999999935
46800 1.2977999999999952
46900 1.5408999999999935
47000 1.5171999999999883
47100 1.3900999999999968
47200 1.5803000000000011
47300 1.5889999999999915
47400 1.9472999999999914
47500 1.2498999999999967
47600 1.7093999999999951
47700 1.7523999999999873
47800 1.68419999999999
47900 1.4260999999999981
48000 1.8319999999999865
48100 1.6959999999999908
48200 1.7303999999999888
48300 1.7117000000000004
48400 1.769599999999997
48500 1.8129999999999953
48600 1.55919999999999
48700 1.519299999999994
48800 1.5629999999999882
48900 1.6484999999999914
49000 1.7051000000000016
49100 1.4932999999999979
49200 1.8803999999999945
49300 1.7294999999999945
49400 1.6794999999999973
49500 1.9455999999999918
49600 1.9827000000000012
49700 1.6318999999999946
49800 1.907599999999995
49900 1.789200000000001
50000 1.8926000000000016
50100 1.7927999999999926
50200 1.9179999999999922
50300 1.6826999999999899
50400 1.6184999999999974
50500 1.594699999999996
50600 1.7224999999999895
50700 1.6398999999999901
50800 1.656099999999995
50900 1.7376999999999967
51000 1.4791999999999987
51100 1.7086999999999932
51200 1.6260999999999868
51300 1.686399999999992
51400 1.6896999999999949
51500 1.5650999999999868
51600 1.6180999999999912
51700 1.8233999999999924
51800 1.698699999999988
51900 1.697899999999997
52000 1.941199999999995
52100 1.7567999999999913
52200 1.7401999999999944
52300 1.8327999999999989
52400 1.84579999999999
52500 1.7374999999999972
52600 1.9035999999999973
52700 2.1721999999999966
52800 1.5257999999999967
52900 1.9143999999999934
53000 1.7775999999999996
53100 1.9914999999999878
53200 1.8122999999999934
53300 1.9949999999999903
53400 1.7348999999999961
53500 2.0095999999999847
53600 1.6433999999999926
53700 1.960499999999989
53800 2.0082999999999913
53900 1.6388999999999925
54000 2.058500000000002
54100 1.6672000000000011
54200 1.8875000000000028
54300 1.9687999999999946
54400 1.870599999999989
54500 1.8973999999999975
54600 1.9507999999999939
54700 1.926099999999984
54800 1.9808999999999983
54900 1.8479999999999919
55000 2.0811999999999884
55100 1.823999999999991
55200 1.9135999999999882
55300 2.035599999999995
55400 2.0390999999999906
55500 2.091000000000001
55600 1.9849999999999994
55700 2.178299999999993
55800 1.9411999999999878
55900 1.9547999999999988
56000 1.993699999999997
56100 2.089500000000001
56200 1.9316999999999922
56300 2.1241999999999877
56400 1.9649
56500 1.9629999999999868
56600 2.007799999999996
56700 1.9514999999999887
56800 2.0071999999999903
56900 2.3447999999999993
57000 2.0112999999999985
57100 1.9971999999999923
57200 2.3722999999999956
57300 2.046199999999992
57400 2.145399999999995
57500 2.276599999999995
57600 2.2549999999999883
57700 2.2269999999999968
57800 2.1954999999999956
57900 2.2683999999999997
58000 2.3504999999999967
58100 2.2297999999999902
58200 2.0678999999999945
58300 2.2454999999999927
58400 2.236699999999992
58500 2.2493999999999943
58600 2.451599999999992
58700 2.2467999999999932
58800 2.221199999999996
58900 2.393599999999992
59000 2.0142999999999915
59100 2.3984999999999914
59200 2.273699999999991
59300 2.2453999999999965
59400 2.3310999999999993
59500 2.440099999999994
59600 2.3389999999999915
59700 2.258899999999997
59800 2.4990999999999914
59900 2.363899999999987
60000 2.3190000000000026
60100 2.2283999999999864
60200 2.5250999999999877
60300 2.4361999999999853
60400 2.6396999999999977
60500 2.3345999999999876
60600 2.782999999999987
60700 2.579899999999995
60800 2.8511000000000024
60900 2.757799999999996
61000 2.824799999999989
61100 2.9812999999999974
61200 3.059599999999989
61300 3.0700999999999894
61400 2.9277999999999977
61500 3.018899999999988
61600 3.1192999999999955
61700 3.019299999999987
61800 3.2993999999999915
61900 3.065899999999992
62000 3.410999999999987
62100 3.2771999999999935
62200 3.2265999999999977
62300 3.719799999999985
62400 3.5897999999999826
62500 3.8706999999999923
62600 3.843299999999992
62700 4.0430999999999955
62800 4.3186999999999856
62900 4.422499999999999
63000 4.371799999999986
63100 5.018299999999996
63200 4.965999999999994
63300 4.962199999999996
63400 5.206200000000003
63500 5.48919999999999
63600 5.228699999999996
63700 5.503499999999995
63800 5.584299999999999
63900 5.938899999999997
64000 5.862899999999996
64100 6.021399999999986
64200 6.108199999999989
64300 6.3755999999999915
64400 6.193099999999994
64500 6.280099999999997
64600 6.640899999999995
64700 6.556999999999988
64800 6.562699999999992
64900 7.036499999999997
65000 6.931499999999993
65100 7.483899999999991
65200 7.556599999999989
65300 7.828599999999987
65400 8.181099999999986
65500 8.493199999999987
65600 8.671499999999995
65700 9.208800000000004
65800 9.265699999999988
65900 9.835099999999997
66000 10.03969999999999
66100 10.801799999999993
66200 10.965699999999998
66300 11.601399999999984
66400 11.599799999999995
66500 12.298599999999993
66600 12.493099999999991
66700 13.141499999999994
66800 13.570899999999995
66900 13.743999999999993
67000 13.903899999999993
67100 14.394899999999993
67200 14.563399999999994
67300 14.769599999999997
67400 15.22679999999999
67500 15.077499999999993
67600 15.727499999999992
67700 15.671199999999999
67800 15.9801
67900 15.906100000000002
68000 16.379599999999996
68100 16.43719999999999
68200 16.714099999999995
68300 16.867299999999993
68400 16.9867
68500 17.303699999999992
68600 17.28349999999999
68700 17.3767
68800 17.6299
68900 17.830399999999997
69000 17.49069999999999
69100 17.986099999999986
69200 17.8934
69300 18.283899999999996
69400 18.255499999999998
69500 18.237599999999993
69600 18.162199999999984
69700 18.42289999999999
69800 18.52879999999999
69900 18.13519999999999
70000 18.178799999999995
70100 18.206899999999997
70200 18.152399999999993
70300 18.15679999999999
70400 18.081399999999988
70500 18.359599999999993
70600 18.145599999999995
70700 18.496599999999994
70800 18.558099999999996
70900 18.33269999999999
71000 18.370299999999986
71100 18.679199999999987
71200 18.670999999999985
71300 18.8435
71400 18.81649999999999
71500 18.91489999999999
71600 18.776399999999995
71700 19.05789999999999
71800 19.211199999999998
71900 19.207499999999996
72000 19.317299999999996
72100 19.3493
72200 19.523399999999995
72300 19.680199999999992
72400 19.52879999999999
72500 19.499999999999993
72600 19.84749999999999
72700 19.82499999999999
72800 19.794999999999987
72900 20.18399999999999
73000 20.010299999999987
73100 20.362599999999986
73200 20.17369999999999
73300 20.500199999999992
73400 20.7102
73500 20.912
73600 21.41859999999999
73700 21.277199999999986
73800 21.348299999999995
73900 21.3821
74000 21.2806
74100 21.233799999999995
74200 21.25309999999999
74300 21.693999999999996
74400 21.835699999999996
74500 21.83939999999999
74600 21.768299999999996
74700 21.625099999999996
74800 22.123299999999993
74900 21.977499999999992
75000 22.181999999999995
75100 21.852799999999995
75200 22.2417
75300 22.165
75400 22.0698
75500 22.39969999999999
75600 22.1057
75700 22.0627
75800 21.916099999999993
75900 22.14099999999999
76000 22.328799999999994
76100 21.9711
76200 22.283199999999987
76300 22.34899999999999
76400 22.1586
76500 22.214899999999993
76600 22.40249999999999
76700 22.344099999999997
76800 22.417099999999998
76900 22.171699999999994
77000 22.4565
77100 22.455499999999986
77200 22.231499999999997
77300 22.306699999999985
77400 22.208499999999994
77500 22.2215
77600 22.321099999999994
77700 22.523000000000003
77800 22.252499999999998
77900 22.287
78000 22.2485
78100 22.72889999999999
78200 22.85799999999999
78300 22.913899999999998
78400 22.89309999999999
78500 22.874599999999994
78600 22.951599999999992
78700 23.165899999999993
78800 23.170899999999996
78900 22.95029999999999
79000 22.916999999999987
79100 22.886799999999994
79200 23.106099999999998
79300 22.9189
79400 22.857499999999995
79500 23.130499999999998
79600 22.966399999999986
79700 23.1391
79800 23.120099999999987
79900 23.10799999999999
80000 23.1184
80100 23.18379999999999
80200 23.13749999999999
80300 23.102999999999994
80400 23.254999999999995
80500 23.1374
80600 23.234899999999996
80700 23.2763
80800 23.3634
80900 23.46549999999999
81000 23.567699999999995
81100 23.555499999999995
81200 23.657599999999988
81300 23.7457
81400 23.267299999999985
81500 23.81749999999999
81600 23.62579999999999
81700 23.659099999999995
81800 24.013199999999998
81900 23.808699999999995
82000 23.86289999999999
82100 24.0415
82200 24.033099999999997
82300 24.091199999999994
82400 23.956200000000003
82500 24.4835
82600 24.287599999999998
82700 24.34279999999999
82800 24.528899999999986
82900 24.305300000000003
83000 24.383999999999986
83100 24.36829999999999
83200 24.487899999999996
83300 24.335299999999997
83400 24.403099999999995
83500 24.394499999999987
83600 24.727199999999996
83700 24.390899999999995
83800 24.484899999999996
83900 24.4291
84000 24.080399999999997
84100 24.12489999999999
84200 24.156499999999994
84300 23.997199999999992
84400 23.936699999999988
84500 24.0098
84600 24.230799999999995
84700 24.245899999999992
84800 24.333699999999986
84900 24.677499999999995
85000 24.330999999999996
85100 24.603899999999996
85200 24.8277
85300 24.377200000000002
85400 24.7183
85500 24.851899999999993
85600 24.6209
85700 24.736799999999988
85800 24.7594
85900 24.944199999999988
86000 25.073399999999992
86100 24.74109999999999
86200 25.10779999999999
86300 25.37939999999999
86400 25.213399999999986
86500 25.210199999999993
86600 25.6321
86700 25.108699999999992
86800 25.421999999999997
86900 25.416799999999988
87000 25.360199999999985
87100 25.223399999999998
87200 25.535299999999985
87300 25.489499999999992
87400 25.336099999999988
87500 25.616499999999995
87600 25.350499999999997
87700 25.300999999999988
87800 25.558799999999998
87900 25.3855
88000 25.340499999999984
88100 25.6849
88200 25.717999999999996
88300 25.878199999999985
88400 25.84369999999999
88500 26.0169
88600 26.18029999999999
88700 26.012500000000003
88800 25.99689999999999
88900 25.992799999999995
89000 26.00059999999999
89100 26.16279999999999
89200 26.107699999999994
89300 26.309299999999993
89400 26.291899999999984
89500 26.34089999999999
89600 26.257699999999993
89700 26.36039999999999
89800 26.421299999999988
89900 26.316599999999994
90000 25.9285
90100 26.2658
90200 26.413400000000003
90300 25.952199999999998
90400 26.4413
90500 26.600899999999996
90600 26.56409999999999
90700 26.506699999999995
90800 26.234099999999984
90900 26.434499999999993
91000 26.5918
91100 26.7044
91200 26.61059999999999
91300 26.7992
91400 26.664
91500 26.762700000000002
91600 26.77149999999999
91700 26.689899999999994
91800 26.642799999999994
91900 26.8818
92000 26.8769
92100 26.697399999999995
92200 26.850399999999993
92300 27.11249999999999
92400 27.090199999999996
92500 27.070999999999998
92600 27.299899999999987
92700 27.106399999999987
92800 27.179799999999986
92900 27.4884
93000 27.224199999999996
93100 27.40399999999999
93200 27.3808
93300 27.4942
93400 27.561699999999995
93500 27.596899999999998
93600 27.297999999999988
93700 27.384699999999988
93800 27.384399999999992
93900 27.184499999999993
94000 27.38179999999999
94100 27.668899999999994
94200 27.34879999999999
94300 27.71329999999999
94400 27.505399999999987
94500 27.136400000000002
94600 27.584799999999987
94700 27.700999999999993
94800 27.6064
94900 27.677099999999996
95000 27.69509999999999
95100 27.965099999999993
95200 27.853799999999985
95300 27.667199999999994
95400 27.813499999999998
95500 27.678199999999997
95600 27.68079999999999
95700 27.8408
95800 27.912899999999993
95900 28.004299999999994
96000 28.117699999999985
96100 28.24029999999999
96200 28.139999999999993
96300 28.1935
96400 28.374599999999994
96500 28.403899999999993
96600 28.459999999999994
96700 28.31499999999999
96800 28.183899999999994
96900 28.36059999999999
97000 28.027299999999997
97100 28.41039999999999
97200 28.772899999999986
97300 28.31779999999999
97400 28.467399999999998
97500 28.74069999999999
97600 28.901399999999995
97700 28.656099999999988
97800 28.429799999999993
97900 28.127999999999993
98000 28.707499999999996
98100 28.767399999999995
98200 28.63349999999999
98300 28.656899999999993
98400 28.691899999999997
98500 28.484399999999987
98600 28.490399999999987
98700 28.706999999999994
98800 28.4093
98900 28.585199999999986
99000 28.80109999999999
99100 28.818699999999986
99200 28.927899999999987
99300 28.909799999999997
99400 28.86399999999999
99500 28.988599999999998
99600 29.04909999999999
99700 29.19169999999999
99800 29.346599999999988
99900 29.322599999999994
100000 29.253299999999996
100100 29.184699999999992
100200 29.450499999999998
100300 29.36119999999999
100400 29.368899999999996
100500 29.407999999999994
100600 29.411899999999996
100700 29.54869999999999
100800 29.492299999999993
100900 29.44429999999999
101000 29.742099999999986
101100 29.29979999999999
101200 29.542099999999998
101300 29.693499999999993
101400 29.475899999999996
101500 29.71159999999999
101600 29.726999999999997
101700 29.907999999999994
101800 29.401899999999998
101900 29.55599999999999
102000 29.450599999999987
102100 29.99929999999999
102200 29.586
102300 29.668899999999994
102400 29.695
102500 29.604999999999997
102600 29.62899999999999
102700 29.583899999999993
102800 29.813799999999986
102900 29.926299999999998
103000 29.599599999999995
103100 29.958099999999995
103200 30.161199999999987
103300 30.31519999999999
103400 30.239799999999995
103500 30.351599999999998
103600 30.198999999999998
103700 30.451299999999996
103800 30.04269999999999
103900 30.109999999999985
104000 30.276099999999985
104100 30.242099999999986
104200 30.434099999999987
104300 30.516499999999986
104400 30.371599999999994
104500 30.62299999999999
104600 30.68289999999999
104700 30.735399999999984
104800 30.861299999999986
104900 30.7543
105000 30.645999999999987
105100 30.697199999999995
105200 30.753500000000003
105300 30.82119999999999
105400 30.71269999999999
105500 30.850199999999987
105600 30.496299999999998
105700 30.816199999999995
105800 30.772699999999993
105900 30.911899999999996
106000 30.7949
106100 31.025899999999993
106200 30.921499999999995
106300 31.1057
106400 31.029999999999994
106500 30.964599999999997
106600 31.069399999999987
106700 31.050799999999988
106800 30.927499999999995
106900 31.1267
107000 31.13599999999999
107100 30.959999999999994
107200 31.395199999999996
107300 31.3277
107400 31.616499999999988
107500 31.09049999999999
107600 31.103699999999996
107700 31.598599999999998
107800 31.485699999999987
107900 31.65549999999999
108000 31.953099999999992
108100 31.717299999999994
108200 31.547799999999995
108300 31.875699999999988
108400 31.608799999999988
108500 31.5165
108600 31.884199999999993
108700 31.690999999999995
108800 31.454
108900 31.80539999999999
109000 31.70559999999999
109100 31.849999999999987
109200 32.11349999999999
109300 32.07799999999999
109400 32.099399999999996
109500 32.048599999999986
109600 32.11579999999999
109700 32.160399999999996
109800 32.11679999999999
109900 32.38099999999999
110000 32.03579999999999
110100 32.31459999999999
110200 32.16589999999999
110300 32.2706
110400 32.21659999999999
110500 32.61219999999999
110600 32.187299999999986
110700 32.5127
110800 32.3512
110900 32.55999999999999
111000 32.444799999999994
111100 32.36159999999999
111200 32.696299999999994
111300 32.7036
111400 32.56899999999999
111500 32.95399999999999
111600 32.8514
111700 32.723899999999986
111800 32.5056
111900 32.63879999999999
112000 32.58079999999999
112100 32.97199999999999
112200 32.57589999999999
112300 32.7042
112400 32.84829999999999
112500 33.158399999999986
112600 33.039199999999994
112700 32.986
112800 33.2015
112900 33.104099999999995
113000 32.8769
113100 33.28689999999999
113200 33.0436
113300 33.052499999999995
113400 33.09749999999999
113500 33.05739999999999
113600 33.0905
113700 33.2656
113800 33.252399999999994
113900 33.04699999999999
114000 33.177099999999996
114100 33.371199999999995
114200 33.34969999999999
114300 33.2894
114400 33.676999999999985
114500 33.512799999999984
114600 33.634899999999995
114700 33.77589999999999
114800 33.715799999999994
114900 33.7544
115000 34.081499999999984
115100 33.9385
115200 33.827099999999994
115300 33.867299999999986
115400 33.98079999999999
115500 33.738099999999996
115600 33.698299999999996
115700 33.89609999999999
115800 34.135299999999994
115900 34.02939999999999
116000 34.10379999999999
116100 34.12679999999999
116200 34.04309999999999
116300 34.065
116400 34.4079
116500 34.01429999999999
116600 34.46419999999999
116700 34.361599999999996
116800 34.25069999999999
116900 34.3529
117000 34.076
117100 34.21399999999999
117200 34.41809999999999
117300 34.18969999999999
117400 34.3366
117500 34.12689999999999
117600 34.262899999999995
117700 34.3246
117800 34.60049999999999
117900 34.429
118000 34.734399999999994
118100 34.8041
118200 34.84669999999999
118300 34.68319999999999
118400 34.70149999999999
118500 34.811399999999985
118600 34.9745
118700 34.83619999999999
118800 35.09389999999999
118900 34.7404
119000 34.802699999999994
119100 35.2397
119200 35.08519999999999
119300 35.36959999999999
119400 35.12369999999999
119500 35.17739999999999
119600 35.4278
119700 35.087399999999995
119800 35.146199999999986
119900 34.9886
120000 35.29839999999999
120100 35.045599999999986
120200 35.0134
120300 35.19
120400 35.518499999999996
120500 35.0765
120600 35.4252
120700 35.355599999999995
120800 35.38349999999999
120900 35.225699999999996
121000 35.32209999999999
121100 35.78799999999999
121200 35.57969999999999
121300 35.63909999999999
121400 35.5151
121500 35.74699999999999
121600 35.537099999999995
121700 35.371999999999986
121800 35.58819999999999
121900 35.69649999999999
122000 35.677499999999995
122100 35.558899999999994
122200 35.836199999999984
122300 35.802299999999995
122400 35.651399999999995
122500 35.893299999999996
122600 35.94529999999999
122700 35.952
122800 36.00069999999999
122900 35.95709999999999
123000 36.305099999999996
123100 36.130599999999994
123200 36.333699999999986
123300 36.50789999999999
123400 36.35879999999999
123500 36.46629999999999
123600 36.31829999999999
123700 36.4501
123800 36.41539999999999
123900 36.31049999999999
124000 36.509699999999995
124100 36.313399999999994
124200 36.5525
124300 36.58329999999999
124400 36.64039999999999
124500 36.576299999999996
124600 36.396699999999996
124700 36.6148
124800 36.3001
124900 36.43239999999999
125000 36.337299999999985
125100 36.23839999999999
125200 36.41359999999999
125300 36.714999999999996
125400 36.30629999999999
125500 36.698899999999995
125600 36.69049999999999
125700 36.842999999999996
125800 36.936799999999984
125900 36.901799999999994
126000 36.90139999999999
126100 36.933699999999995
126200 37.00189999999999
126300 37.10529999999999
126400 37.23069999999999
126500 37.49349999999999
126600 37.12769999999998
126700 37.2589
126800 37.34429999999999
126900 37.51389999999999
127000 37.58239999999999
127100 37.375499999999995
127200 37.5791
127300 37.60309999999999
127400 37.838599999999985
127500 37.723099999999995
127600 37.723499999999994
127700 37.5517
127800 37.89539999999999
127900 37.82499999999999
128000 37.623899999999985
128100 37.477099999999986
128200 37.485099999999996
128300 37.75379999999999
128400 37.85049999999999
128500 37.698799999999984
128600 37.683499999999995
128700 37.64549999999999
128800 37.64669999999999
128900 37.568
129000 37.51789999999999
129100 37.620599999999996
129200 38.01959999999999
129300 37.9337
129400 37.68659999999999
129500 37.986699999999985
129600 38.04619999999999
129700 38.1312
129800 38.039399999999986
129900 38.23549999999999
130000 38.2733
130100 38.367
130200 38.373099999999994
130300 38.32819999999999
130400 38.090399999999995
130500 38.359399999999994
130600 38.627099999999984
130700 38.40069999999999
130800 38.276799999999994
130900 38.4156
131000 38.58129999999999
131100 38.622099999999996
131200 38.575199999999995
131300 38.440099999999994
131400 38.69439999999999
131500 38.5042
131600 38.7
131700 38.6054
131800 38.73
131900 38.7889
132000 38.952299999999994
132100 38.55469999999999
132200 38.8345
132300 38.74679999999999
132400 38.85409999999999
132500 39.05169999999999
132600 38.865
132700 38.656699999999994
132800 38.8154
132900 38.918899999999994
133000 38.85859999999999
133100 39.031899999999986
133200 38.9563
133300 39.0717
133400 39.020199999999996
133500 38.949299999999994
133600 39.115899999999996
133700 39.11139999999999
133800 39.2572
133900 39.05459999999999
134000 39.315699999999985
134100 39.19839999999999
134200 39.55919999999998
134300 39.47019999999999
134400 39.548899999999996
134500 39.2617
134600 39.9657
134700 39.58709999999999
134800 39.7109
134900 39.692799999999984
135000 39.89069999999999
135100 39.783699999999996
135200 39.91519999999999
135300 40.00059999999999
135400 40.095699999999994
135500 39.9352
135600 39.78099999999999
135700 39.84549999999999
135800 39.900499999999994
135900 39.729499999999994
136000 39.919299999999986
136100 39.7368
136200 39.69359999999999
136300 39.75289999999999
136400 39.742699999999985
136500 39.71549999999999
136600 39.5387
136700 39.781899999999986
136800 39.76929999999999
136900 39.96959999999999
137000 39.99119999999999
137100 39.90959999999999
137200 40.04479999999999
137300 40.162
137400 40.22589999999999
137500 40.276399999999995
137600 40.28199999999999
137700 39.925
137800 40.5091
137900 40.4045
138000 40.4939
138100 40.65759999999999
138200 40.4969
138300 40.62959999999999
138400 40.709799999999994
138500 40.711
138600 40.893199999999986
138700 40.6901
138800 41.0562
138900 40.687099999999994
139000 41.1759
139100 41.1765
139200 41.17889999999999
139300 41.36029999999999
139400 41.28159999999999
139500 41.016299999999994
139600 41.1169
139700 41.20799999999999
139800 41.075399999999995
139900 40.94909999999999
140000 41.211
140100 40.719899999999996
140200 41.0091
140300 41.09279999999999
140400 41.12369999999999
140500 41.07639999999999
140600 41.37499999999999
140700 40.96959999999999
140800 41.5055
140900 41.279099999999985
141000 41.48749999999999
141100 41.285399999999996
141200 41.28759999999999
141300 41.27469999999999
141400 41.22999999999999
141500 41.55839999999999
141600 41.4324
141700 41.678
141800 41.520399999999995
141900 41.674099999999996
142000 41.709199999999996
142100 42.071999999999996
142200 42.15189999999999
142300 42.104499999999994
142400 42.20919999999999
142500 42.143199999999986
142600 42.06569999999999
142700 42.20209999999999
142800 42.15709999999999
142900 42.18319999999999
143000 42.2963
143100 42.177099999999996
143200 42.3838
143300 42.160999999999994
143400 41.95419999999999
143500 42.35409999999999
143600 42.5522
143700 42.24309999999999
143800 41.7797
143900 42.34859999999999
144000 42.4006
144100 42.09589999999999
144200 42.2512
144300 42.52539999999999
144400 42.151199999999996
144500 42.698499999999996
144600 42.4169
144700 42.541099999999986
144800 42.45639999999999
144900 42.43149999999999
145000 42.6215
145100 42.494899999999994
145200 42.740899999999996
145300 42.87659999999999
145400 42.83369999999999
145500 42.666399999999996
145600 42.647099999999995
145700 42.89939999999999
145800 42.9165
145900 42.78779999999999
146000 42.877399999999994
146100 42.8955
146200 43.09869999999999
146300 43.006599999999985
146400 43.003099999999996
146500 43.02009999999999
146600 43.037299999999995
146700 43.08539999999999
146800 43.09619999999999
146900 42.9338
147000 43.185199999999995
147100 43.39599999999999
147200 43.11919999999999
147300 43.4329
147400 43.32939999999999
147500 43.30339999999999
147600 43.47949999999999
147700 43.520999999999994
147800 43.503699999999995
147900 43.2103
148000 43.6057
148100 43.432399999999994
148200 43.57679999999999
148300 43.55609999999999
148400 43.602199999999996
148500 43.8259
148600 43.6478
148700 43.92709999999999
148800 43.72219999999999
148900 43.82519999999999
149000 43.96859999999999
149100 43.67369999999999
149200 43.94629999999999
149300 43.986799999999995
149400 44.16029999999999
149500 43.67719999999999
149600 44.018199999999986
149700 44.14719999999999
149800 44.141099999999994
149900 43.812299999999986
150000 44.032199999999996
150100 43.9211
150200 43.74699999999999
150300 43.90319999999999
150400 43.85229999999999
150500 44.1753
150600 44.153499999999994
150700 44.08
150800 44.125099999999996
150900 44.05329999999999
151000 44.25749999999999
151100 44.291699999999985
151200 44.241899999999994
151300 44.14899999999999
151400 44.54799999999999
151500 44.2237
151600 44.603799999999985
151700 44.3931
151800 44.567899999999995
151900 44.575099999999985
152000 44.61299999999999
152100 44.736399999999996
152200 44.94759999999999
152300 45.03419999999999
152400 44.94609999999999
152500 44.95159999999999
152600 45.03099999999999
152700 45.136199999999995
152800 45.14219999999999
152900 45.1676
153000 45.39849999999999
153100 45.2193
153200 45.04139999999999
153300 45.043699999999994
153400 45.1213
153500 45.147299999999994
153600 45.3386
153700 44.91709999999999
153800 45.21529999999999
153900 45.29019999999999
154000 45.2626
154100 45.674699999999994
154200 45.293
154300 45.50639999999999
154400 45.316799999999986
154500 45.613899999999994
154600 45.48559999999999
154700 45.441199999999995
154800 45.31439999999999
154900 45.19579999999999
155000 45.428499999999985
155100 45.4847
155200 45.644
155300 45.91329999999999
155400 45.69019999999999
155500 45.8071
155600 45.77259999999999
155700 45.953199999999995
155800 45.6583
155900 45.9294
156000 46.03129999999999
156100 46.0472
156200 45.976
156300 46.29799999999999
156400 46.15969999999999
156500 46.190999999999995
156600 45.97569999999999
156700 46.02679999999999
156800 46.2714
156900 46.166999999999994
157000 46.5258
157100 46.115799999999986
157200 46.40859999999999
157300 46.467
157400 46.456999999999994
157500 46.327699999999986
157600 46.09309999999999
157700 46.2311
157800 46.344199999999994
157900 46.2796
158000 46.40579999999999
158100 46.581599999999995
158200 45.9963
158300 46.562999999999995
158400 46.36019999999999
158500 46.37579999999999
158600 46.5306
158700 46.4326
158800 46.72129999999999
158900 46.7307
159000 46.71379999999999
159100 46.615399999999994
159200 46.71019999999999
159300 46.93319999999999
159400 46.354899999999994
159500 46.86600000000001
159600 46.75139999999999
159700 47.000400000000006
159800 46.922599999999996
159900 46.67569999999999
160000 47.0016
160100 46.82259999999999
