10100 0.0
10200 0.10770000000000124
10300 0.21159999999999002
10400 0.3651999999999873
10500 0.2091999999999956
10600 0.28699999999999903
10700 0.1407000000000025
10800 0.26149999999999807
10900 0.28470000000000084
11000 0.3715000000000046
11100 0.31970000000000454
11200 0.1635999999999953
11300 0.407199999999996
11400 0.26499999999999346
11500 0.1379000000000019
11600 0.28939999999999344
11700 0.4198999999999984
11800 0.509999999999998
11900 0.47579999999999245
12000 0.5812000000000026
12100 0.73749999999999
12200 0.6429999999999936
12300 0.646899999999988
12400 0.7175999999999974
12500 0.6339999999999932
12600 0.7275999999999954
12700 0.49219999999998976
12800 0.588000000000001
12900 0.4930999999999912
13000 0.6314999999999955
13100 0.5571999999999946
13200 0.5899999999999963
13300 0.604299999999995
13400 0.5567999999999955
13500 0.5943999999999932
13600 0.5157999999999987
13700 0.6040999999999954
13800 0.36240000000000094
13900 0.6324999999999932
14000 0.7126000000000019
14100 0.42079999999999984
14200 0.5212000000000003
14300 0.5032999999999959
14400 0.5923000000000016
14500 0.5235999999999947
14600 0.3171999999999926
14700 0.5843999999999951
14800 0.06379999999999342
14900 0.35199999999998965
15000 0.5082999999999913
15100 0.6052999999999926
15200 0.5168999999999997
15300 0.5538000000000025
15400 0.34830000000000183
15500 0.5172999999999988
15600 0.45889999999999276
15700 0.605799999999995
15800 0.5833999999999975
15900 0.6470999999999947
16000 0.6644999999999897
16100 0.9903000000000048
16200 0.4538000000000011
16300 0.9937999999999931
16400 0.749299999999991
16500 0.8395999999999972
16600 0.6235999999999962
16700 0.788499999999992
16800 0.7212999999999994
16900 0.5651999999999973
17000 0.5615000000000023
17100 0.6807999999999979
17200 0.6995999999999967
17300 0.8252999999999915
17400 0.6814999999999927
17500 0.681200000000004
17600 0.4971000000000032
17700 0.7625999999999991
17800 0.5234000000000023
17900 0.6145000000000067
18000 0.7480999999999938
18100 0.5894000000000048
18200 0.8177999999999983
18300 0.9240999999999957
18400 0.7460999999999913
18500 0.7390999999999934
18600 0.7957999999999998
18700 0.6471000000000018
18800 0.8194000000000017
18900 0.706799999999987
19000 0.7288000000000068
19100 0.8460000000000036
19200 0.6537999999999897
19300 0.7699999999999889
19400 0.8344000000000023
19500 0.7740999999999971
19600 0.9877999999999929
19700 0.9359999999999928
19800 0.669399999999996
19900 0.6265000000000001
20000 0.7796999999999983
20100 0.7120999999999924
20200 0.8393999999999906
20300 0.7907999999999973
20400 0.8885000000000005
20500 0.6372999999999962
20600 0.789599999999993
20700 0.8763999999999967
20800 0.7800000000000011
20900 0.7952999999999975
21000 0.8872
21100 0.8215000000000003
21200 0.5964999999999989
21300 0.8525999999999954
21400 0.8791999999999973
21500 0.8119999999999976
21600 1.014499999999991
21700 0.8156999999999925
21800 0.8544000000000054
21900 0.8489000000000004
22000 0.7714999999999961
22100 0.7719999999999914
22200 1.160899999999991
22300 0.6697999999999951
22400 0.8789999999999907
22500 1.004499999999993
22600 1.0374999999999943
22700 0.8327999999999918
22800 0.9127999999999901
22900 0.9772000000000034
23000 0.8744999999999905
23100 0.8210999999999871
23200 1.016699999999993
23300 0.8956000000000017
23400 0.9304999999999879
23500 1.0649999999999906
23600 0.8681000000000054
23700 0.9181000000000026
23800 0.7719999999999985
23900 0.7656999999999954
24000 0.774799999999999
24100 0.9061000000000021
24200 1.0206999999999908
24300 0.8599000000000032
24400 0.7914999999999992
24500 1.1106000000000051
24600 0.9186999999999941
24700 0.8833999999999946
24800 1.0105000000000004
24900 0.9401999999999902
25000 1.0043000000000006
25100 1.1138000000000048
25200 1.1775999999999982
25300 1.0381999999999962
25400 0.9906999999999968
25500 1.0237000000000052
25600 0.9237999999999928
25700 0.8404999999999916
25800 0.762599999999992
25900 0.9750999999999976
26000 0.9409999999999954
26100 1.054799999999993
26200 1.131999999999998
26300 1.02109999999999
26400 0.9617999999999896
26500 1.0305000000000035
26600 0.8765999999999892
26700 0.9957999999999956
26800 1.052900000000001
26900 0.9595999999999947
27000 0.9387999999999934
27100 0.8809999999999931
27200 0.7894999999999968
27300 0.9893999999999892
27400 1.1489999999999938
27500 1.1552999999999969
27600 0.9442000000000021
27700 0.8719000000000037
27800 1.3718000000000004
27900 1.0366
28000 1.1999999999999957
28100 1.2232000000000056
28200 0.6938999999999922
28300 0.9124999999999872
28400 1.0859999999999985
28500 0.941200000000002
28600 1.0283999999999978
28700 1.1248999999999967
28800 1.1338000000000008
28900 0.9398999999999944
29000 0.8757999999999981
29100 1.049900000000001
29200 1.0930999999999926
29300 1.1056000000000026
29400 1.092499999999994
29500 1.1171999999999969
29600 0.9046999999999983
29700 0.955299999999994
29800 0.939399999999992
29900 1.3383000000000038
30000 0.7869000000000028
30100 1.1905000000000001
30200 1.0424999999999898
30300 1.1155999999999935
30400 1.0623000000000005
30500 1.2408000000000001
30600 1.0268999999999977
30700 1.2635999999999896
30800 1.15829999999999
30900 1.1737999999999928
31000 0.978599999999993
31100 1.1114999999999995
31200 1.0247000000000028
31300 0.9740000000000038
31400 1.1477000000000004
31500 1.1482000000000028
31600 1.153100000000002
31700 1.186399999999999
31800 1.2342000000000013
31900 0.952699999999993
32000 1.2002000000000024
32100 1.032199999999996
32200 1.0086000000000013
32300 0.9418999999999897
32400 1.1011000000000024
32500 1.1303999999999945
32600 1.186799999999991
32700 1.1576999999999913
32800 1.219699999999989
32900 1.1799000000000035
33000 0.9757999999999996
33100 0.9183000000000021
33200 1.1296999999999926
33300 1.3131999999999948
33400 1.0189999999999984
33500 1.1552999999999969
33600 1.0105999999999895
33700 0.9084999999999894
33800 1.0942999999999898
33900 1.0230999999999995
34000 1.0774999999999935
34100 0.8211999999999975
34200 0.9184999999999945
34300 1.0222999999999942
34400 0.9693999999999932
34500 0.9761999999999986
34600 1.1432999999999964
34700 0.9761999999999986
34800 0.9922999999999931
34900 1.0503999999999891
35000 1.1315999999999988
35100 1.0608000000000004
35200 1.0313999999999979
35300 1.2853999999999957
35400 0.9754000000000005
35500 1.0275999999999996
35600 1.0290999999999997
35700 1.0037999999999982
35800 1.2927999999999997
35900 1.204199999999993
36000 1.194899999999997
36100 1.4344999999999999
36200 1.1735999999999862
36300 1.1369999999999933
36400 1.1028999999999982
36500 0.9953000000000003
36600 1.2133000000000038
36700 1.1088999999999984
36800 1.1961999999999975
36900 1.0715999999999966
37000 0.9198999999999984
37100 0.8904999999999959
37200 0.9766000000000048
37300 0.8987999999999943
37400 0.7654000000000067
37500 0.8353999999999928
37600 1.0504999999999924
37700 0.792199999999994
37800 1.0396999999999892
37900 0.9338999999999942
38000 0.8992000000000004
38100 0.9585000000000008
38200 1.0313999999999908
38300 0.9934999999999974
38400 0.986699999999999
38500 1.2449999999999903
38600 1.1374999999999957
38700 1.2243999999999957
38800 0.9078000000000017
38900 1.1501999999999981
39000 1.0155999999999992
39100 1.0921999999999912
39200 0.9858999999999938
39300 0.8926999999999978
39400 1.3048999999999964
39500 0.8660999999999888
39600 1.129799999999996
39700 0.8397999999999897
39800 0.7434000000000012
39900 1.1036999999999964
40000 1.0509999999999948
40100 0.8540999999999883
40200 0.9042999999999921
40300 1.0005999999999986
40400 1.1092999999999975
40500 1.1456999999999908
40600 1.1377000000000024
40700 1.144200000000005
40800 1.191599999999994
40900 0.9883999999999986
41000 1.1615000000000038
41100 0.9911999999999921
41200 1.1169000000000011
41300 1.2612999999999985
41400 1.1239999999999881
41500 1.1891999999999925
41600 1.0700000000000003
41700 1.1110000000000042
41800 1.1792999999999978
41900 0.9466000000000037
42000 0.9623999999999953
42100 1.256299999999996
42200 0.9115999999999929
42300 1.3400999999999996
42400 1.2830999999999975
42500 1.2075999999999993
42600 1.2120999999999995
42700 1.2956999999999965
42800 1.1783999999999963
42900 1.1619000000000028
43000 1.1341999999999999
43100 1.1820999999999984
43200 1.0583999999999918
43300 1.2050000000000054
43400 1.267000000000003
43500 1.2026000000000039
43600 1.0283999999999978
43700 1.2121999999999957
43800 1.1713999999999984
43900 1.0988999999999933
44000 1.256999999999998
44100 1.310299999999998
44200 1.3526999999999987
44300 1.3854000000000042
44400 1.313200000000002
44500 1.1548999999999907
44600 1.3098000000000027
44700 1.4954999999999927
44800 1.2686000000000064
44900 1.2746999999999957
45000 1.30919999999999
45100 1.3131000000000057
45200 1.255899999999997
45300 1.2635999999999967
45400 1.1917000000000044
45500 1.2665999999999968
45600 1.1683000000000021
45700 1.3489999999999966
45800 1.2457999999999956
45900 1.3184999999999931
46000 1.2662000000000049
46100 1.2413999999999987
46200 1.1633999999999958
46300 1.1156999999999968
46400 1.144599999999997
46500 1.3634999999999948
46600 1.3012999999999977
46700 1.3699000000000012
46800 1.294400000000003
46900 1.2894999999999897
47000 1.4772999999999996
47100 1.3658000000000001
47200 1.6103999999999985
47300 1.289599999999993
47400 1.764099999999992
47500 1.4746999999999915
47600 1.288099999999993
47700 1.3554999999999993
47800 1.2548999999999992
47900 1.29849999999999
48000 1.4236000000000004
48100 1.2959999999999994
48200 1.5486000000000004
48300 1.2240000000000038
48400 1.230000000000004
48500 1.4451999999999998
48600 1.4299000000000035
48700 1.2179000000000002
48800 1.4504999999999981
48900 1.4716999999999985
49000 1.3266999999999882
49100 1.5168000000000035
49200 1.487099999999998
49300 1.5704999999999956
49400 1.728599999999993
49500 1.376100000000001
49600 1.6685999999999908
49700 1.5890999999999948
49800 1.6321999999999974
49900 1.9502000000000024
50000 1.7071999999999932
50100 1.6946999999999974
50200 1.8044000000000011
50300 1.7857999999999947
50400 1.7479999999999976
50500 1.6439999999999984
50600 1.7664999999999935
50700 1.712299999999999
50800 1.7974999999999994
50900 1.6610999999999976
51000 1.5944999999999965
51100 1.6681999999999917
51200 1.884299999999996
51300 1.4946999999999946
51400 1.6928999999999945
51500 1.9609000000000023
51600 1.9050999999999974
51700 1.6329999999999956
51800 1.8197000000000045
51900 1.7952999999999903
52000 1.5416999999999987
52100 1.9303999999999917
52200 1.7737999999999943
52300 1.6371999999999929
52400 1.8246000000000038
52500 1.8796999999999926
52600 1.7465999999999937
52700 1.8239000000000019
52800 1.777000000000001
52900 1.7638999999999996
53000 1.8091000000000008
53100 1.7284000000000006
53200 1.7929999999999993
53300 1.7251999999999938
53400 1.7742999999999896
53500 1.9213999999999984
53600 1.8329999999999984
53700 1.7038999999999902
53800 1.6798999999999964
53900 1.8881999999999906
54000 1.6645000000000039
54100 1.815100000000001
54200 1.7903999999999982
54300 1.673099999999991
54400 1.6876999999999924
54500 1.9643999999999977
54600 1.8769999999999953
54700 1.7693999999999974
54800 1.7941000000000003
54900 1.9003999999999976
55000 1.9462999999999937
55100 1.7915999999999883
55200 1.7778999999999954
55300 1.8425999999999902
55400 2.0646999999999878
55500 1.7573999999999899
55600 1.788899999999991
55700 2.0056999999999974
55800 1.9414000000000016
55900 1.7160999999999973
56000 1.8629000000000033
56100 1.8329999999999984
56200 1.864299999999993
56300 1.7508999999999943
56400 1.9002999999999943
56500 1.6596999999999937
56600 1.9342999999999932
56700 1.8165000000000049
56800 1.8838000000000008
56900 1.990700000000004
57000 1.8361000000000018
57100 2.0248999999999953
57200 1.8994999999999962
57300 1.9455999999999918
57400 1.9181999999999988
57500 1.856899999999996
57600 2.094699999999996
57700 1.78479999999999
57800 1.8973999999999975
57900 1.960499999999989
58000 1.6938999999999993
58100 2.0453999999999937
58200 1.984199999999987
58300 2.0244
58400 2.030699999999996
58500 2.02859999999999
58600 1.9569000000000045
58700 2.052500000000002
58800 1.9772999999999996
58900 1.8501999999999938
59000 2.116199999999999
59100 1.9999000000000038
59200 1.8319000000000045
59300 1.9166000000000025
59400 2.023699999999998
59500 2.0751999999999953
59600 1.8059999999999903
59700 2.1380999999999943
59800 1.8952999999999918
59900 2.0026999999999973
60000 1.9934000000000012
60100 2.1539999999999964
60200 1.8225999999999942
60300 2.176099999999991
60400 1.9386999999999972
60500 1.9816999999999894
60600 2.182299999999998
60700 2.048899999999989
60800 2.169099999999993
60900 2.2561999999999927
61000 2.2541999999999973
61100 2.574299999999994
61200 2.1162999999999954
61300 2.182299999999991
61400 2.3715999999999937
61500 2.177500000000002
61600 2.1584000000000003
61700 2.3914000000000044
61800 2.310999999999993
61900 2.318799999999989
62000 2.344299999999997
62100 2.1835999999999913
62200 2.3688000000000002
62300 2.3419000000000025
62400 2.346899999999991
62500 2.484900000000003
62600 2.592400000000005
62700 2.313600000000001
62800 2.4876999999999967
62900 2.626599999999989
63000 2.8037999999999954
63100 2.926400000000001
63200 2.74819999999999
63300 3.0918999999999954
63400 3.2968999999999937
63500 3.093599999999995
63600 3.449699999999993
63700 3.484199999999994
63800 3.4557999999999964
63900 3.3817999999999984
64000 3.846499999999999
64100 3.6639999999999873
64200 3.986399999999996
64300 4.0264999999999915
64400 4.380900000000004
64500 4.3341999999999885
64600 4.350899999999996
64700 4.674299999999995
64800 4.750100000000003
64900 4.81669999999999
65000 4.973699999999994
65100 5.198699999999995
65200 5.250099999999996
65300 5.479599999999998
65400 5.67819999999999
65500 5.683799999999998
65600 5.986199999999997
65700 6.300099999999993
65800 6.496999999999993
65900 7.038199999999996
66000 7.040099999999988
66100 7.1754999999999995
66200 8.130299999999991
66300 8.7573
66400 9.170699999999997
66500 9.639200000000002
66600 9.950799999999994
66700 10.420999999999992
66800 10.613599999999991
66900 10.833099999999988
67000 11.6586
67100 11.872799999999998
67200 12.4086
67300 12.882099999999994
67400 13.226300000000002
67500 13.313700000000004
67600 13.792699999999996
67700 13.83209999999999
67800 13.963899999999988
67900 14.271
68000 14.592899999999993
68100 14.884899999999995
68200 15.162499999999994
68300 15.157199999999996
68400 15.464999999999996
68500 15.79529999999999
68600 16.087700000000005
68700 15.773499999999999
68800 15.92839999999999
68900 16.3114
69000 16.3517
69100 16.37039999999999
69200 16.401699999999998
69300 16.40959999999999
69400 16.67949999999999
69500 16.6577
69600 16.90099999999999
69700 16.9747
69800 16.773099999999992
69900 16.946599999999997
70000 16.9356
70100 16.959899999999998
70200 16.771199999999993
70300 17.0634
70400 16.981300000000005
70500 16.95649999999999
70600 16.8487
70700 17.219900000000003
70800 16.995500000000007
70900 17.1929
71000 17.535799999999995
71100 17.367999999999995
71200 17.603899999999996
71300 17.646900000000002
71400 18.019299999999994
71500 17.909299999999995
71600 18.213099999999997
71700 17.971799999999988
71800 18.130399999999995
71900 18.2853
72000 18.39379999999999
72100 18.211
72200 18.4298
72300 18.84579999999999
72400 18.8256
72500 18.939499999999995
72600 18.877999999999993
72700 19.208099999999995
72800 18.99779999999999
72900 19.463099999999997
73000 19.460700000000003
73100 19.426599999999993
73200 19.742099999999994
73300 19.924299999999995
73400 20.1166
73500 20.4938
73600 20.434099999999994
73700 20.5039
73800 20.921499999999995
73900 21.062899999999992
74000 21.115099999999998
74100 21.001699999999992
74200 21.0856
74300 21.368699999999997
74400 21.126200000000004
74500 21.119299999999996
74600 21.281
74700 21.265099999999997
74800 21.176799999999993
74900 21.3089
75000 21.38709999999999
75100 21.171999999999997
75200 21.431199999999997
75300 20.87299999999999
75400 21.480999999999995
75500 21.504199999999997
75600 21.362799999999993
75700 21.354299999999995
75800 21.516099999999994
75900 21.359699999999997
76000 21.402299999999997
76100 21.219199999999994
76200 21.222399999999993
76300 21.4317
76400 21.550299999999993
76500 21.423599999999993
76600 21.35559999999999
76700 21.459799999999987
76800 21.3962
76900 21.48709999999999
77000 21.820400000000006
77100 21.352900000000005
77200 21.7108
77300 21.7521
77400 21.667299999999997
77500 21.73149999999999
77600 21.941199999999995
77700 21.786700000000003
77800 21.849300000000007
77900 21.852099999999993
78000 22.108399999999996
78100 22.1708
78200 22.147199999999998
78300 22.101599999999998
78400 22.441900000000004
78500 22.67889999999999
78600 22.271700000000003
78700 22.1712
78800 22.392300000000006
78900 22.478799999999993
79000 22.534800000000004
79100 22.31199999999999
79200 22.459599999999995
79300 22.472500000000004
79400 22.621899999999997
79500 22.6383
79600 22.322700000000005
79700 22.911299999999997
79800 22.5597
79900 22.6423
80000 22.537299999999988
80100 22.6732
80200 22.664500000000004
80300 22.639099999999992
80400 22.77389999999999
80500 23.045699999999997
80600 22.737099999999998
80700 22.77899999999999
80800 22.723399999999998
80900 22.8626
81000 22.949599999999997
81100 23.026399999999988
81200 23.0381
81300 22.984699999999997
81400 23.035299999999992
81500 23.222199999999994
81600 23.1886
81700 23.3215
81800 23.38729999999999
81900 23.242799999999995
82000 23.132099999999994
82100 23.418600000000005
82200 23.317899999999995
82300 23.532999999999987
82400 23.658499999999997
82500 23.6625
82600 23.771099999999997
82700 23.6779
82800 23.8602
82900 23.849800000000002
83000 23.807999999999993
83100 24.0574
83200 23.73319999999999
83300 23.7703
83400 23.5771
83500 23.5544
83600 23.741200000000006
83700 23.800499999999992
83800 23.3641
83900 23.69579999999999
84000 23.4011
84100 23.649900000000002
84200 23.544200000000004
84300 23.444899999999997
84400 23.502700000000004
84500 23.365499999999997
84600 23.535499999999992
84700 23.4844
84800 23.7215
84900 23.78269999999999
85000 23.831199999999995
85100 23.71419999999999
85200 23.959999999999994
85300 24.004299999999994
85400 23.97229999999999
85500 24.0993
85600 24.2081
85700 24.025799999999997
85800 24.395999999999994
85900 24.222500000000004
86000 24.3318
86100 24.776799999999994
86200 24.52879999999999
86300 24.684000000000005
86400 24.42459999999999
86500 24.634899999999995
86600 24.6164
86700 24.68529999999999
86800 24.803499999999993
86900 24.774299999999997
87000 25.00269999999999
87100 24.991199999999992
87200 24.782799999999995
87300 24.964499999999994
87400 24.89589999999999
87500 24.942699999999995
87600 25.168
87700 25.02839999999999
87800 25.150100000000002
87900 25.034000000000006
88000 25.523299999999992
88100 25.320899999999988
88200 25.147499999999994
88300 25.427000000000007
88400 25.466399999999993
88500 25.473499999999994
88600 25.519200000000005
88700 25.599599999999995
88800 25.310899999999997
88900 25.384699999999995
89000 25.4591
89100 25.696299999999994
89200 25.74729999999999
89300 25.623599999999996
89400 26.180999999999997
89500 25.487399999999994
89600 25.978199999999994
89700 25.660799999999988
89800 25.969399999999993
89900 25.894299999999994
90000 25.767200000000003
90100 25.874700000000004
90200 25.960299999999997
90300 26.100999999999992
90400 26.0139
90500 26.221499999999992
90600 25.902299999999997
90700 26.00359999999999
90800 26.1789
90900 26.101100000000002
91000 26.281100000000002
91100 26.1348
91200 26.267099999999992
91300 26.240799999999993
91400 26.240799999999993
91500 26.135899999999992
91600 26.252699999999997
91700 26.152899999999995
91800 26.250899999999994
91900 26.050099999999993
92000 26.469199999999994
92100 26.1194
92200 26.347500000000004
92300 26.59969999999999
92400 26.5285
92500 26.423399999999994
92600 26.636899999999997
92700 26.409599999999998
92800 26.6212
92900 26.985
93000 26.881299999999996
93100 26.954900000000002
93200 26.82049999999999
93300 26.99279999999999
93400 26.916499999999992
93500 26.809800000000003
93600 26.9874
93700 27.013499999999993
93800 26.920899999999996
93900 26.601699999999994
94000 26.781699999999994
94100 26.985899999999994
94200 26.711800000000004
94300 26.8574
94400 26.6062
94500 27.010199999999998
94600 26.923299999999998
94700 26.968000000000004
94800 26.957499999999996
94900 26.905899999999995
95000 27.628499999999995
95100 27.09709999999999
95200 27.365300000000005
95300 27.379399999999997
95400 27.3099
95500 27.333899999999993
95600 27.5084
95700 27.38749999999999
95800 27.636599999999994
95900 27.220899999999993
96000 27.578199999999995
96100 27.687299999999993
96200 27.64049999999999
96300 27.62489999999999
96400 27.561099999999996
96500 27.882999999999996
96600 27.5443
96700 27.517399999999995
96800 27.713499999999996
96900 27.913800000000002
97000 27.827599999999997
97100 27.9334
97200 27.8457
97300 28.0601
97400 28.061799999999998
97500 28.2239
97600 28.03689999999999
97700 28.06369999999999
97800 28.562499999999993
97900 28.2029
98000 28.053199999999997
98100 28.22759999999999
98200 28.337400000000002
98300 27.954900000000002
98400 28.11269999999999
98500 28.1413
98600 28.157599999999995
98700 28.336
98800 28.214699999999993
98900 28.22339999999999
99000 28.393199999999993
99100 28.4223
99200 28.7472
99300 28.686699999999995
99400 28.613299999999995
99500 28.516400000000004
99600 28.69529999999999
99700 28.653999999999996
99800 28.681699999999992
99900 28.887999999999998
100000 28.859399999999994
100100 28.786900000000003
100200 28.803799999999995
100300 28.9728
100400 29.0749
100500 29.01729999999999
100600 29.3581
100700 29.2919
100800 29.2402
100900 29.074699999999993
101000 29.249000000000002
101100 29.39499999999999
101200 29.119199999999992
101300 29.065399999999997
101400 29.37129999999999
101500 29.5822
101600 29.642199999999995
101700 29.28499999999999
101800 29.531099999999995
101900 29.370099999999994
102000 29.4566
102100 29.40299999999999
102200 29.3577
102300 29.5195
102400 29.377199999999995
102500 29.2586
102600 29.11209999999999
102700 29.444900000000004
102800 29.44679999999999
102900 29.322699999999998
103000 29.533199999999994
103100 29.566599999999994
103200 29.594
103300 29.812800000000003
103400 29.6336
103500 29.765699999999995
103600 29.832700000000003
103700 29.8891
103800 29.817199999999993
103900 30.163600000000002
104000 29.69979999999999
104100 30.16089999999999
104200 30.0381
104300 30.320899999999988
104400 30.159499999999994
104500 30.29529999999999
104600 30.365299999999998
104700 30.45969999999999
104800 30.50329999999999
104900 30.092899999999993
105000 30.471599999999995
105100 30.502599999999994
105200 30.562800000000003
105300 30.218500000000006
105400 30.48469999999999
105500 30.462699999999998
105600 30.48539999999999
105700 30.456900000000005
105800 30.4343
105900 30.580599999999997
106000 30.399799999999992
106100 30.557900000000004
106200 30.53
106300 30.617999999999995
106400 30.567999999999998
106500 30.7438
106600 30.607499999999987
106700 30.822499999999998
106800 30.628299999999996
106900 30.81559999999999
107000 30.694499999999998
107100 31.103
107200 30.770399999999988
107300 30.889599999999994
107400 30.737999999999992
107500 31.0045
107600 30.8452
107700 31.095399999999998
107800 31.642500000000005
107900 31.267999999999994
108000 31.10819999999999
108100 31.30259999999999
108200 31.052300000000002
108300 31.431600000000003
108400 31.534699999999994
108500 31.2459
108600 30.817100000000003
108700 31.040300000000002
108800 31.032599999999995
108900 31.3063
109000 31.777100000000004
109100 31.42199999999999
109200 31.689799999999998
109300 31.51449999999999
109400 31.67629999999999
109500 31.886099999999992
109600 31.9349
109700 31.9561
109800 31.748900000000006
109900 31.692699999999995
110000 31.661199999999994
110100 31.7453
110200 31.79039999999999
110300 31.8119
110400 32.080799999999996
110500 32.13699999999999
110600 32.0074
110700 32.0646
110800 32.1898
110900 32.1474
111000 32.3375
111100 32.120799999999996
111200 32.1212
111300 32.030499999999996
111400 32.1361
111500 32.007
111600 32.3323
111700 32.322599999999994
111800 32.2893
111900 32.16129999999999
112000 32.4253
112100 32.30019999999999
112200 32.3878
112300 32.17549999999999
112400 32.5368
112500 32.4352
112600 32.4996
112700 32.3107
112800 32.3374
112900 32.60609999999999
113000 32.614799999999995
113100 32.5233
113200 32.6583
113300 32.8532
113400 32.74829999999999
113500 32.90099999999999
113600 32.65179999999999
113700 33.02899999999999
113800 32.90859999999999
113900 32.8624
114000 33.10139999999999
114100 32.8972
114200 32.5617
114300 33.006800000000005
114400 33.0773
114500 32.9889
114600 33.019800000000004
114700 33.282
114800 33.50869999999999
114900 33.355
115000 33.454699999999995
115100 33.551399999999994
115200 33.5906
115300 33.19649999999999
115400 33.313900000000004
115500 33.316599999999994
115600 33.3348
115700 33.3857
115800 33.682599999999994
115900 33.5725
116000 33.770199999999996
116100 33.62949999999999
116200 33.409000000000006
116300 33.7263
116400 33.7416
116500 33.7082
116600 33.8837
116700 33.85339999999999
116800 34.002199999999995
116900 33.88179999999999
117000 33.9964
117100 33.8992
117200 33.5975
117300 33.80109999999999
117400 33.9195
117500 33.7818
117600 33.8388
117700 34.070699999999995
117800 34.0152
117900 34.098699999999994
118000 34.312400000000004
118100 33.84279999999999
118200 34.376099999999994
118300 34.24999999999999
118400 34.24119999999999
118500 34.268899999999995
118600 34.0604
118700 34.5304
118800 34.574799999999996
118900 34.53639999999999
119000 34.59289999999999
119100 34.734399999999994
119200 34.645300000000006
119300 34.847300000000004
119400 34.78689999999999
119500 34.9345
119600 34.9898
119700 34.73279999999999
119800 34.8432
119900 35.019
120000 35.010400000000004
120100 34.8246
120200 34.904199999999996
120300 35.1923
120400 34.8448
120500 34.7701
120600 34.69139999999999
120700 34.74009999999999
120800 34.796099999999996
120900 34.941399999999994
121000 35.08169999999999
121100 34.969899999999996
121200 35.3027
121300 35.05329999999999
121400 35.3134
121500 35.1686
121600 35.27349999999999
121700 34.912
121800 34.949400000000004
121900 35.359399999999994
122000 35.235099999999996
122100 35.1931
122200 35.665
122300 35.6414
122400 35.648599999999995
122500 35.468799999999995
122600 35.6032
122700 35.4947
122800 35.95779999999999
122900 35.6129
123000 35.5998
123100 35.6256
123200 35.808400000000006
123300 35.7911
123400 35.8565
123500 35.89169999999999
123600 35.6844
123700 35.9805
123800 35.89179999999999
123900 35.9213
124000 35.8707
124100 35.9228
124200 36.290499999999994
124300 36.0195
124400 35.7883
124500 36.06849999999999
124600 36.068099999999994
124700 35.958999999999996
124800 36.257200000000005
124900 36.0507
125000 35.81479999999999
125100 36.257099999999994
125200 36.497299999999996
125300 36.1402
125400 36.204299999999996
125500 36.0907
125600 36.571
125700 36.54099999999999
125800 36.33619999999999
125900 36.57749999999999
126000 36.682599999999994
126100 36.6803
126200 36.5167
126300 36.6302
126400 36.703199999999995
126500 36.77219999999999
126600 36.782599999999995
126700 36.9158
126800 36.8582
126900 36.9356
127000 37.0873
127100 37.3364
127200 37.1993
127300 37.603300000000004
127400 37.294599999999996
127500 37.3453
127600 37.33619999999999
127700 37.546499999999995
127800 37.258399999999995
127900 37.2554
128000 37.4462
128100 37.3217
128200 37.31749999999999
128300 37.1034
128400 37.414199999999994
128500 37.186099999999996
128600 37.445
128700 37.4668
128800 37.30779999999999
128900 37.46179999999999
129000 37.241899999999994
129100 37.200599999999994
129200 37.26679999999999
129300 37.6888
129400 37.30919999999999
129500 37.2876
129600 37.6078
129700 37.503699999999995
129800 37.83379999999999
129900 37.74869999999999
130000 37.8565
130100 38.0248
130200 37.81409999999999
130300 37.848099999999995
130400 37.9235
130500 37.7526
130600 38.0293
130700 37.7304
130800 38.186
130900 38.04099999999999
131000 38.2288
131100 37.949099999999994
131200 38.12319999999999
131300 38.0719
131400 38.255799999999994
131500 38.24979999999999
131600 38.463699999999996
131700 38.2321
131800 38.3955
131900 38.1324
132000 38.61599999999999
132100 38.308499999999995
132200 38.2055
132300 38.266999999999996
132400 38.42329999999999
132500 38.5407
132600 38.485499999999995
132700 38.29859999999999
132800 38.6069
132900 38.764900000000004
133000 38.3234
133100 38.49119999999999
133200 38.557900000000004
133300 38.64639999999999
133400 38.7133
133500 38.6693
133600 39.088699999999996
133700 38.882099999999994
133800 38.6152
133900 39.066
134000 38.79829999999999
134100 38.898399999999995
134200 38.9777
134300 39.1658
134400 39.138999999999996
134500 39.386799999999994
134600 39.169599999999996
134700 39.33729999999999
134800 39.2581
134900 39.362199999999994
135000 39.2969
135100 39.31869999999999
135200 39.3875
135300 39.466899999999995
135400 39.56549999999999
135500 39.5266
135600 39.0102
135700 39.4501
135800 39.71439999999999
135900 39.31409999999999
136000 39.50329999999999
136100 39.39979999999999
136200 39.14079999999999
136300 39.163399999999996
136400 39.3452
136500 39.4694
136600 39.309400000000004
136700 39.5691
136800 39.545700000000004
136900 39.60209999999999
137000 39.761599999999994
137100 39.669799999999995
137200 39.586
137300 39.8575
137400 39.759299999999996
137500 39.8617
137600 40.066199999999995
137700 39.965199999999996
137800 40.0051
137900 39.956700000000005
138000 39.8489
138100 40.19789999999999
138200 40.141999999999996
138300 40.217999999999996
138400 40.2597
138500 40.57619999999999
138600 40.37369999999999
138700 40.3549
138800 40.305899999999994
138900 40.824999999999996
139000 40.42529999999999
139100 40.9701
139200 40.54719999999999
139300 40.61359999999999
139400 40.775499999999994
139500 40.6023
139600 40.764900000000004
139700 40.392500000000005
139800 40.5124
139900 40.8761
140000 40.762699999999995
140100 40.4725
140200 40.360499999999995
140300 40.91089999999999
140400 40.5466
140500 40.8085
140600 40.4453
140700 40.8671
140800 40.80839999999999
140900 40.8399
141000 40.72789999999999
141100 40.935399999999994
141200 41.01559999999999
141300 41.01409999999999
141400 41.081399999999995
141500 41.170500000000004
141600 41.0487
141700 41.24949999999999
141800 41.2813
141900 41.2189
142000 41.607299999999995
142100 41.384899999999995
142200 41.537
142300 41.49549999999999
142400 41.878699999999995
142500 41.7821
142600 41.6372
142700 41.99829999999999
142800 41.996399999999994
142900 41.6242
143000 41.72429999999999
143100 41.7957
143200 41.5932
143300 41.7127
143400 41.86169999999999
143500 41.91929999999999
143600 41.7129
143700 41.575
143800 41.90859999999999
143900 41.7011
144000 41.6383
144100 41.505700000000004
144200 41.706199999999995
144300 41.65849999999999
144400 41.74759999999999
144500 41.845400000000005
144600 41.6523
144700 41.8023
144800 42.3267
144900 42.11
145000 42.22089999999999
145100 42.263
145200 42.37339999999999
145300 42.4757
145400 42.4889
145500 42.255199999999995
145600 42.645399999999995
145700 42.808099999999996
145800 42.388299999999994
145900 42.429
146000 42.309999999999995
146100 42.5838
146200 42.48599999999999
146300 42.681999999999995
146400 42.5859
146500 42.62069999999999
146600 42.7248
146700 42.4803
146800 42.6502
146900 42.8054
147000 42.4554
147100 42.7133
147200 42.9068
147300 42.6027
147400 42.924099999999996
147500 42.95
147600 43.003899999999994
147700 43.1268
147800 43.273199999999996
147900 42.940200000000004
148000 43.368700000000004
148100 43.3959
148200 43.30619999999999
148300 43.2704
148400 43.08519999999999
148500 43.5507
148600 43.402699999999996
148700 43.5238
148800 43.6738
148900 43.76259999999999
149000 43.68299999999999
149100 43.5391
149200 43.274
149300 43.6166
149400 43.4236
149500 43.42909999999999
149600 43.61279999999999
149700 43.579899999999995
149800 43.397099999999995
149900 43.58729999999999
150000 43.60959999999999
150100 43.7057
150200 43.5563
150300 43.469899999999996
150400 43.61129999999999
150500 43.27069999999999
150600 43.511500000000005
150700 43.755799999999994
150800 43.672
150900 43.6201
151000 43.74699999999999
151100 43.8281
151200 43.94349999999999
151300 44.04079999999999
151400 44.0697
151500 44.30049999999999
151600 44.053399999999996
151700 44.164699999999996
151800 44.223099999999995
151900 44.42009999999999
152000 44.421
152100 44.29329999999999
152200 44.413999999999994
152300 44.7105
152400 44.51419999999999
152500 44.706399999999995
152600 44.57509999999999
152700 44.562400000000004
152800 44.525099999999995
152900 44.65059999999999
153000 44.8815
153100 44.7073
153200 44.853100000000005
153300 44.80259999999999
153400 44.816599999999994
153500 45.0085
153600 44.8188
153700 45.1121
153800 44.94879999999999
153900 44.965
154000 44.853199999999994
154100 44.655499999999996
154200 44.81349999999999
154300 45.1656
154400 45.25379999999999
154500 44.8852
154600 44.9429
154700 44.84779999999999
154800 44.7955
154900 45.01349999999999
155000 44.95869999999999
155100 45.05219999999999
155200 45.139799999999994
155300 45.14969999999999
155400 45.08279999999999
155500 45.4899
155600 45.4038
155700 45.46489999999999
155800 45.4155
155900 45.37899999999999
156000 45.5385
156100 45.4282
156200 45.693400000000004
156300 45.4318
156400 45.64419999999999
156500 45.5842
156600 45.75569999999999
156700 45.5197
156800 45.8274
156900 45.5982
157000 45.7028
157100 45.93449999999999
157200 45.873
157300 45.9007
157400 46.0238
157500 45.6214
157600 46.043699999999994
157700 45.9428
157800 46.1417
157900 46.16259999999999
158000 46.08109999999999
158100 46.18039999999999
158200 45.985699999999994
158300 45.9768
158400 46.35509999999999
158500 45.9866
158600 46.25659999999999
158700 46.2766
158800 46.306799999999996
158900 46.602599999999995
159000 46.3512
159100 46.384499999999996
159200 46.31889999999999
159300 46.20479999999999
159400 46.3002
159500 46.35249999999999
159600 46.0641
159700 46.46009999999999
159800 46.49459999999999
159900 46.64119999999999
160000 46.51089999999999
160100 46.671899999999994
