10100 0.0
10200 0.21810000000001395
10300 0.07130000000000081
10400 0.29750000000000654
10500 0.14850000000001273
10600 0.30919999999999703
10700 0.2786000000000044
10800 0.35180000000001144
10900 0.39800000000000324
11000 0.2968000000000117
11100 0.2506000000000057
11200 0.2885000000000062
11300 0.12930000000000064
11400 0.1647000000000034
11500 0.30510000000001014
11600 0.13569999999999993
11700 0.38870000000001426
11800 0.10190000000000055
11900 0.3196000000000083
12000 0.19780000000000797
12100 0.4660000000000082
12200 0.4222000000000108
12300 0.7398000000000025
12400 0.6097999999999999
12500 0.6754000000000104
12600 0.6381000000000085
12700 0.8380000000000081
12800 0.4113000000000113
12900 0.6688000000000045
13000 0.47750000000000625
13100 0.6163000000000025
13200 0.48690000000001277
13300 0.6542999999999992
13400 0.4761000000000024
13500 0.6149000000000058
13600 0.48210000000000974
13700 0.5510000000000019
13800 0.30210000000001
13900 0.629800000000003
14000 0.4900999999999982
14100 0.4246000000000052
14200 0.4817999999999998
14300 0.15720000000000312
14400 0.39500000000001023
14500 0.2938000000000045
14600 0.5110000000000099
14700 0.2790000000000106
14800 0.3213000000000079
14900 0.3114000000000061
15000 0.41960000000000264
15100 0.3370000000000033
15200 0.3569000000000102
15300 0.41620000000001056
15400 0.5152000000000001
15500 0.4099000000000075
15600 0.43380000000000507
15700 0.6189999999999998
15800 0.7524000000000015
15900 0.8044000000000011
16000 0.7267000000000081
16100 0.6467999999999989
16200 0.7436000000000078
16300 0.9952000000000112
16400 0.5710000000000122
16500 0.808400000000006
16600 0.8262
16700 0.7596000000000132
16800 0.6835000000000093
16900 0.7539999999999978
17000 0.682300000000005
17100 0.648600000000009
17200 0.7349999999999994
17300 0.6629000000000005
17400 0.6817000000000135
17500 0.6662000000000106
17600 0.6698000000000022
17700 0.8327999999999989
17800 0.6781999999999968
17900 0.7353000000000023
18000 0.6791000000000054
18100 0.6968000000000103
18200 0.6618000000000066
18300 0.6372999999999962
18400 0.8477000000000032
18500 0.6776000000000053
18600 0.7094000000000094
18700 0.391200000000012
18800 0.6970000000000027
18900 0.998500000000007
19000 1.0370000000000061
19100 0.8864999999999981
19200 0.8873999999999995
19300 0.6687000000000012
19400 0.6364999999999981
19500 0.9009
19600 0.834300000000006
19700 0.8731000000000009
19800 0.8194000000000017
19900 0.7812000000000054
20000 0.7844000000000051
20100 0.7793000000000063
20200 0.9546000000000063
20300 1.0087000000000117
20400 0.6814999999999998
20500 0.8269000000000091
20600 0.8718000000000075
20700 0.8003
20800 0.6411000000000016
20900 0.834300000000006
21000 0.8082000000000065
21100 0.9943000000000097
21200 0.9573999999999998
21300 0.7710000000000079
21400 0.9868000000000023
21500 0.8000000000000043
21600 1.0032999999999959
21700 0.8888999999999996
21800 0.7974000000000032
21900 0.7597999999999985
22000 0.7931999999999988
22100 0.8072000000000017
22200 0.9112000000000009
22300 0.8772000000000091
22400 0.9776999999999987
22500 0.8562000000000083
22600 0.9338000000000051
22700 1.0885999999999996
22800 0.7290000000000063
22900 0.9384000000000015
23000 0.8983000000000132
23100 1.0777
23200 1.0599000000000132
23300 1.034700000000008
23400 1.012599999999999
23500 0.8714999999999975
23600 0.9971000000000032
23700 1.101300000000009
23800 0.9711999999999961
23900 1.092400000000005
24000 1.0480000000000018
24100 0.8316000000000088
24200 0.808799999999998
24300 0.8897000000000048
24400 0.943000000000005
24500 1.1056000000000026
24600 0.8487000000000009
24700 1.1323000000000008
24800 0.8004000000000033
24900 0.9735000000000085
25000 1.0219000000000094
25100 1.0539000000000058
25200 1.355000000000011
25300 1.0748000000000104
25400 1.1509000000000142
25500 0.9116
25600 0.991100000000003
25700 0.8673000000000073
25800 1.2805000000000035
25900 0.9498999999999995
26000 1.1530000000000058
26100 1.0841000000000065
26200 1.0167000000000073
26300 0.8644000000000034
26400 0.900100000000009
26500 1.1268999999999991
26600 1.0298000000000016
26700 0.9939999999999998
26800 0.9746999999999986
26900 0.9673999999999978
27000 1.0874000000000024
27100 1.0213000000000036
27200 0.9842000000000013
27300 1.2916999999999987
27400 1.0346000000000046
27500 1.0553000000000026
27600 1.0666000000000082
27700 1.0257000000000005
27800 1.3197000000000045
27900 1.1869000000000014
28000 1.3336000000000041
28100 1.1387
28200 1.210800000000006
28300 1.1688000000000045
28400 1.1614999999999966
28500 1.088000000000008
28600 1.0174999999999983
28700 1.095000000000006
28800 0.8696000000000055
28900 1.2621000000000038
29000 1.145300000000013
29100 0.9746999999999986
29200 1.2697000000000074
29300 1.1286000000000058
29400 1.1499999999999986
29500 1.143800000000006
29600 1.1948000000000079
29700 0.9667000000000101
29800 1.2087000000000003
29900 1.0542000000000016
30000 1.1388000000000105
30100 1.1418999999999997
30200 1.0655000000000072
30300 1.3476000000000141
30400 1.0504000000000104
30500 1.2148000000000039
30600 1.1530000000000058
30700 1.3562999999999974
30800 1.316900000000004
30900 1.0352000000000032
31000 1.0481000000000051
31100 1.0663000000000054
31200 1.0157999999999987
31300 1.4607000000000099
31400 1.4029000000000096
31500 1.262200000000007
31600 1.248100000000008
31700 1.1691000000000003
31800 1.0191000000000088
31900 1.1451000000000136
32000 1.2327999999999975
32100 1.019200000000012
32200 1.6297000000000068
32300 1.1195999999999984
32400 1.1145000000000067
32500 1.2628000000000128
32600 1.146000000000008
32700 1.1609000000000052
32800 1.2750000000000128
32900 0.9665000000000035
33000 1.24880000000001
33100 1.3855000000000075
33200 1.1032000000000082
33300 1.2853000000000137
33400 1.191600000000001
33500 1.0464000000000055
33600 1.2367000000000061
33700 1.3470000000000084
33800 1.2306000000000026
33900 1.1060000000000088
34000 1.3394000000000048
34100 1.261800000000008
34200 1.1829000000000107
34300 0.9291000000000054
34400 1.2480000000000118
34500 1.0860000000000127
34600 1.2667000000000073
34700 1.0622000000000114
34800 1.080200000000005
34900 0.9973000000000027
35000 0.9823000000000093
35100 1.00180000000001
35200 0.846100000000007
35300 0.9694000000000074
35400 0.8967999999999989
35500 1.2017000000000095
35600 0.8738000000000099
35700 1.0452000000000012
35800 0.867200000000004
35900 0.9786000000000001
36000 1.0153000000000034
36100 1.0529999999999973
36200 1.1605000000000132
36300 1.1440000000000126
36400 1.3834000000000088
36500 1.1189000000000107
36600 1.1077000000000083
36700 1.259900000000009
36800 1.1980000000000146
36900 0.9783000000000115
37000 1.0914000000000001
37100 0.8780000000000001
37200 0.7729000000000141
37300 1.155300000000011
37400 0.9538000000000082
37500 1.003699999999995
37600 0.9038000000000039
37700 0.9915000000000092
37800 0.9787000000000035
37900 0.9475000000000122
38000 0.8408000000000087
38100 0.8618000000000023
38200 0.9823999999999984
38300 0.7892999999999972
38400 0.983700000000006
38500 1.1420999999999992
38600 1.0085000000000122
38700 0.9972000000000136
38800 1.2673000000000059
38900 0.9316000000000031
39000 1.1942999999999984
39100 1.2458000000000027
39200 1.1267000000000067
39300 1.0910000000000082
39400 1.0673000000000101
39500 1.1962000000000046
39600 1.0128000000000057
39700 1.0127999999999986
39800 1.1425000000000125
39900 1.1118000000000094
40000 1.1347000000000023
40100 1.042500000000004
40200 1.0594999999999999
40300 1.2393
40400 1.041400000000003
40500 0.9761999999999986
40600 1.0137000000000072
40700 1.0715000000000074
40800 1.1435000000000102
40900 1.2863000000000042
41000 1.041400000000003
41100 1.1485000000000127
41200 0.9320999999999984
41300 1.0396
41400 1.0602000000000018
41500 1.312100000000001
41600 1.1253000000000029
41700 1.305800000000005
41800 1.314700000000009
41900 1.2475000000000023
42000 1.071700000000014
42100 1.316200000000002
42200 1.1298000000000101
42300 1.3059000000000012
42400 1.1291000000000082
42500 1.1759000000000128
42600 1.1661000000000072
42700 1.324300000000001
42800 1.0840000000000103
42900 1.4021000000000043
43000 1.1631
43100 1.1972000000000094
43200 1.2060999999999993
43300 1.2576000000000036
43400 1.1109000000000009
43500 1.362700000000011
43600 1.1303000000000054
43700 1.2325000000000017
43800 0.9806000000000097
43900 1.3534000000000006
44000 1.091300000000004
44100 1.2040999999999968
44200 1.222200000000015
44300 1.214100000000002
44400 1.2402000000000015
44500 1.3415000000000106
44600 1.4946000000000055
44700 1.4111000000000047
44800 1.1785000000000068
44900 1.3113000000000028
45000 1.2698999999999998
45100 1.368000000000002
45200 1.4976000000000056
45300 1.2680000000000007
45400 1.3725000000000094
45500 1.5783000000000058
45600 1.3474000000000004
45700 1.5951999999999984
45800 1.3382000000000076
45900 1.472600000000007
46000 1.2723000000000013
46100 1.3407000000000124
46200 1.2378000000000142
46300 1.3261000000000038
46400 1.3427000000000007
46500 1.4181000000000026
46600 1.1975000000000122
46700 1.347200000000008
46800 1.1946000000000012
46900 1.1744000000000057
47000 1.8212000000000046
47100 1.5720000000000098
47200 1.3760000000000048
47300 1.5527000000000086
47400 1.4129999999999967
47500 1.4242000000000061
47600 1.4225000000000065
47700 1.355700000000013
47800 1.3600000000000065
47900 1.5537000000000063
48000 1.3004999999999995
48100 1.3447000000000031
48200 1.4806000000000097
48300 1.331300000000006
48400 1.552500000000009
48500 1.4943000000000097
48600 1.4716000000000022
48700 1.3353000000000108
48800 1.490000000000002
48900 1.319899999999997
49000 1.4582000000000122
49100 1.4939000000000107
49200 1.6710999999999956
49300 1.6348000000000056
49400 1.573900000000009
49500 1.5932999999999993
49600 1.5376000000000118
49700 1.408200000000008
49800 1.364200000000011
49900 1.6094000000000008
50000 1.6781000000000077
50100 1.446300000000008
50200 1.447800000000008
50300 1.4717000000000056
50400 1.6973000000000127
50500 1.56580000000001
50600 1.5885999999999996
50700 1.6880000000000095
50800 1.238199999999999
50900 1.5615000000000094
51000 1.3664000000000058
51100 1.5479000000000056
51200 1.626400000000011
51300 1.485200000000006
51400 1.5373000000000019
51500 1.7509999999999977
51600 1.6705000000000112
51700 1.7548000000000101
51800 1.794000000000004
51900 1.8876000000000062
52000 1.5747
52100 1.9468000000000032
52200 1.7534000000000063
52300 1.857200000000013
52400 1.7591000000000037
52500 2.0031000000000105
52600 1.8492000000000033
52700 1.7809000000000097
52800 1.8847000000000023
52900 1.707100000000004
53000 1.9488000000000127
53100 1.7875000000000085
53200 1.7568000000000055
53300 1.833200000000005
53400 2.0337999999999994
53500 1.9906000000000077
53600 1.8181000000000083
53700 1.526600000000009
53800 2.0416999999999987
53900 1.778800000000004
54000 1.5852000000000075
54100 1.8516000000000048
54200 1.7107000000000028
54300 1.668200000000006
54400 1.7260000000000062
54500 1.9883000000000024
54600 1.7304999999999993
54700 1.82500000000001
54800 1.8023000000000025
54900 1.7920000000000016
55000 1.889400000000009
55100 1.7539999999999978
55200 1.6875
55300 1.9129000000000076
55400 1.9270000000000067
55500 1.7928000000000068
55600 1.752600000000001
55700 1.9200000000000088
55800 1.8241000000000085
55900 1.7453000000000145
56000 1.815400000000004
56100 1.8739000000000061
56200 1.9335000000000093
56300 1.893100000000011
56400 2.1480000000000032
56500 1.9081000000000117
56600 1.906799999999997
56700 1.6936000000000035
56800 2.0272000000000077
56900 1.8141000000000034
57000 1.8617000000000061
57100 1.7683999999999997
57200 2.1507999999999967
57300 2.063500000000012
57400 1.739200000000011
57500 2.0392999999999972
57600 1.9301000000000101
57700 1.8618000000000094
57800 1.8537000000000106
57900 1.950800000000001
58000 2.0230000000000032
58100 2.0385000000000133
58200 2.0420000000000087
58300 1.8256000000000085
58400 2.0375000000000085
58500 1.9353000000000051
58600 1.9718000000000018
58700 2.160900000000005
58800 1.8840000000000003
58900 1.9680000000000035
59000 2.049500000000009
59100 1.7505000000000095
59200 2.0290000000000106
59300 1.5708000000000055
59400 1.8544000000000054
59500 2.0086000000000084
59600 1.9443000000000055
59700 1.9454000000000065
59800 2.0416000000000096
59900 1.7978000000000094
60000 2.0271000000000043
60100 1.8153000000000077
60200 2.067
60300 2.0874000000000024
60400 1.9986000000000033
60500 1.9316000000000102
60600 2.1362999999999985
60700 1.8630000000000067
60800 2.218499999999999
60900 2.0444999999999993
61000 1.9336000000000055
61100 2.2283000000000115
61200 1.914200000000001
61300 2.1044000000000125
61400 2.0648000000000124
61500 2.1000000000000014
61600 2.162700000000001
61700 2.0993000000000066
61800 2.2132000000000005
61900 1.9738000000000042
62000 2.240400000000008
62100 2.0504999999999995
62200 2.024700000000003
62300 1.9915999999999983
62400 2.133500000000012
62500 2.1369000000000113
62600 1.984800000000007
62700 2.134999999999998
62800 2.0653000000000006
62900 1.9124000000000052
63000 2.1433999999999997
63100 2.173300000000012
63200 2.130600000000001
63300 2.3278000000000105
63400 2.1758000000000024
63500 2.3374000000000095
63600 2.3740000000000094
63700 2.4121000000000095
63800 2.237000000000002
63900 2.5058000000000007
64000 2.1614000000000075
64100 2.473400000000005
64200 2.3563000000000045
64300 2.6451000000000136
64400 2.4020999999999972
64500 2.5409000000000077
64600 2.6543000000000063
64700 2.907900000000012
64800 3.0219000000000023
64900 3.007100000000001
65000 2.9558000000000035
65100 2.9244000000000057
65200 3.045800000000007
65300 3.0768000000000058
65400 3.2471999999999994
65500 3.2765000000000057
65600 3.7402000000000086
65700 3.497400000000006
65800 3.95450000000001
65900 3.8119000000000014
66000 4.265000000000008
66100 4.119700000000009
66200 4.2729
66300 4.915600000000005
66400 4.947700000000005
66500 5.257100000000008
66600 5.740700000000004
66700 5.95600000000001
66800 6.847699999999996
66900 7.4482
67000 7.604300000000002
67100 7.910800000000002
67200 8.254300000000008
67300 8.676200000000001
67400 9.250900000000001
67500 9.665000000000006
67600 10.1141
67700 10.497900000000001
67800 10.883800000000008
67900 11.465300000000006
68000 11.802800000000012
68100 12.0856
68200 12.024800000000006
68300 12.560800000000008
68400 12.7573
68500 12.92070000000001
68600 13.115900000000003
68700 13.594000000000001
68800 13.352900000000012
68900 13.902700000000003
69000 14.147100000000002
69100 14.061900000000009
69200 14.615100000000012
69300 14.143400000000007
69400 14.668400000000005
69500 14.467399999999998
69600 14.520000000000003
69700 14.921700000000008
69800 15.23040000000001
69900 15.200899999999997
70000 15.250100000000003
70100 15.554200000000009
70200 15.256500000000003
70300 15.321700000000007
70400 15.235500000000009
70500 15.353500000000011
70600 15.172300000000007
70700 15.441900000000004
70800 15.532700000000013
70900 15.762000000000008
71000 15.677599999999998
71100 15.794500000000014
71200 15.679100000000005
71300 16.045700000000004
71400 16.278100000000002
71500 16.2774
71600 16.418400000000005
71700 16.434300000000015
71800 16.6772
71900 16.84900000000001
72000 16.668600000000005
72100 16.9414
72200 17.1361
72300 17.313699999999997
72400 16.966800000000013
72500 17.627700000000004
72600 17.661700000000003
72700 17.64200000000001
72800 17.98700000000001
72900 18.34250000000001
73000 18.343500000000006
73100 18.657500000000006
73200 18.631300000000003
73300 18.989199999999997
73400 19.039900000000003
73500 19.4585
73600 19.30420000000001
73700 19.493699999999997
73800 19.354400000000012
73900 19.5409
74000 19.729700000000015
74100 19.5419
74200 19.766800000000003
74300 19.788100000000007
74400 19.784600000000005
74500 19.9208
74600 19.707500000000003
74700 19.899400000000007
74800 19.952900000000014
74900 20.132200000000005
75000 19.809400000000004
75100 19.8776
75200 19.975800000000007
75300 19.597299999999997
75400 19.725800000000014
75500 19.935200000000002
75600 20.1094
75700 19.797100000000007
75800 19.8256
75900 20.003200000000007
76000 19.871600000000008
76100 19.872
76200 19.98250000000001
76300 19.89990000000001
76400 20.127499999999998
76500 20.07670000000001
76600 20.1541
76700 20.559300000000007
76800 20.1526
76900 20.032100000000014
77000 20.691900000000004
77100 20.901500000000006
77200 20.893200000000007
77300 20.585000000000008
77400 21.390300000000003
77500 21.23170000000001
77600 21.25670000000001
77700 21.341900000000003
77800 21.48570000000001
77900 21.550100000000008
78000 21.6441
78100 21.26460000000001
78200 21.615500000000004
78300 21.542100000000005
78400 21.769199999999998
78500 21.402400000000014
78600 21.485600000000005
78700 21.639700000000005
78800 21.735800000000005
78900 21.430600000000005
79000 21.53600000000001
79100 21.728100000000012
79200 21.688300000000012
79300 21.800000000000004
79400 21.71630000000001
79500 21.89460000000001
79600 21.941300000000005
79700 21.6963
79800 21.9082
79900 21.885799999999996
80000 22.0235
80100 22.165000000000006
80200 21.680400000000013
80300 22.068700000000007
80400 21.823800000000006
80500 22.17350000000001
80600 21.973400000000005
80700 22.118800000000007
80800 21.9769
80900 21.895500000000006
81000 21.813800000000008
81100 22.214200000000005
81200 22.639700000000005
81300 22.414700000000003
81400 22.549
81500 22.41830000000001
81600 22.466600000000007
81700 22.47140000000001
81800 22.636700000000005
81900 22.588300000000004
82000 22.635400000000004
82100 22.4242
82200 22.71220000000001
82300 22.790100000000002
82400 22.625400000000006
82500 22.900500000000015
82600 22.69310000000001
82700 22.76080000000001
82800 23.195
82900 22.948
83000 23.292
83100 22.7294
83200 22.7877
83300 22.861600000000003
83400 22.57030000000001
83500 22.567800000000005
83600 22.69270000000001
83700 22.428399999999996
83800 22.483100000000007
83900 22.80120000000001
84000 22.514400000000002
84100 22.622500000000002
84200 22.458000000000006
84300 22.760199999999998
84400 22.668999999999997
84500 22.6524
84600 22.392199999999995
84700 22.722099999999998
84800 22.898900000000005
84900 22.72140000000001
85000 22.810499999999998
85100 23.021800000000006
85200 22.835600000000007
85300 22.953500000000012
85400 23.121100000000006
85500 23.147100000000002
85600 23.10560000000001
85700 23.2915
85800 23.549300000000002
85900 23.661899999999996
86000 23.5084
86100 24.14440000000001
86200 23.82930000000001
86300 23.962500000000006
86400 23.7956
86500 23.8318
86600 23.88170000000001
86700 23.93840000000001
86800 24.0649
86900 24.323800000000006
87000 23.88660000000001
87100 24.1766
87200 24.2601
87300 24.5541
87400 24.0708
87500 24.712400000000002
87600 24.386100000000006
87700 24.42
87800 24.667700000000004
87900 24.3887
88000 24.79950000000001
88100 24.63110000000001
88200 24.60450000000001
88300 24.5512
88400 24.610200000000006
88500 24.51850000000001
88600 24.3545
88700 24.377499999999998
88800 24.43140000000001
88900 24.314400000000006
89000 24.730800000000002
89100 24.681800000000003
89200 24.666200000000003
89300 24.8339
89400 24.486600000000003
89500 24.760200000000005
89600 24.570100000000004
89700 24.764000000000003
89800 24.806200000000004
89900 24.94770000000001
90000 24.992200000000004
90100 24.93760000000001
90200 24.7922
90300 25.071700000000007
90400 25.2376
90500 25.05590000000001
90600 25.147400000000005
90700 25.174000000000007
90800 25.3123
90900 25.286
91000 25.129400000000004
91100 24.949000000000005
91200 25.214
91300 25.302900000000008
91400 25.244800000000005
91500 25.360600000000005
91600 25.191300000000005
91700 25.66790000000001
91800 25.687900000000006
91900 25.654899999999998
92000 25.16530000000001
92100 25.1896
92200 25.530600000000014
92300 25.89610000000001
92400 25.894900000000014
92500 25.574300000000008
92600 25.577400000000004
92700 25.721900000000012
92800 25.923800000000007
92900 25.917600000000007
93000 25.959900000000005
93100 25.69250000000001
93200 25.922400000000003
93300 25.982900000000015
93400 26.003300000000003
93500 26.1856
93600 25.887100000000004
93700 26.182800000000015
93800 25.908499999999997
93900 25.844
94000 26.02430000000001
94100 25.83780000000001
94200 25.6781
94300 25.947200000000002
94400 26.232200000000006
94500 26.259900000000002
94600 26.05830000000001
94700 26.102500000000006
94800 26.001000000000012
94900 26.198600000000013
95000 26.45210000000001
95100 26.33310000000001
95200 26.4889
95300 26.3067
95400 26.510800000000003
95500 26.345200000000006
95600 26.714900000000014
95700 26.717200000000012
95800 26.52380000000001
95900 26.663600000000002
96000 26.773200000000003
96100 26.563900000000004
96200 26.8236
96300 26.62550000000001
96400 27.236500000000007
96500 26.754600000000003
96600 27.02490000000001
96700 26.95040000000001
96800 27.01530000000001
96900 27.25860000000001
97000 27.1498
97100 26.831900000000005
97200 27.077400000000004
97300 27.333800000000004
97400 27.082800000000006
97500 26.9039
97600 27.766800000000003
97700 27.51830000000001
97800 27.529300000000013
97900 27.5865
98000 27.3947
98100 27.463099999999997
98200 27.6764
98300 27.55210000000001
98400 27.801300000000012
98500 27.5619
98600 27.44910000000001
98700 27.5985
98800 27.4917
98900 27.535600000000002
99000 27.487900000000003
99100 27.739100000000015
99200 28.0128
99300 27.96520000000001
99400 28.0589
99500 27.68890000000001
99600 28.030699999999996
99700 28.0831
99800 28.07120000000001
99900 27.782900000000005
100000 27.949700000000007
100100 28.044000000000004
100200 28.2855
100300 28.3059
100400 28.789400000000008
100500 28.519800000000004
100600 28.365400000000008
100700 28.58340000000001
100800 28.7299
100900 28.69760000000001
101000 28.3236
101100 28.5991
101200 28.433200000000006
101300 28.562000000000005
101400 28.648500000000013
101500 28.844300000000004
101600 28.72910000000001
101700 28.84190000000001
101800 28.974700000000006
101900 28.7887
102000 28.85600000000001
102100 28.772600000000004
102200 29.106
102300 29.063300000000012
102400 29.036600000000014
102500 28.706899999999997
102600 29.006000000000007
102700 29.084600000000002
102800 29.1282
102900 28.968900000000012
103000 28.771700000000003
103100 29.06620000000001
103200 29.172400000000003
103300 29.223000000000013
103400 28.834700000000012
103500 29.12700000000001
103600 28.982
103700 29.351600000000012
103800 29.28090000000001
103900 29.032300000000006
104000 29.381
104100 29.3801
104200 29.274099999999997
104300 29.468600000000002
104400 29.373000000000005
104500 29.548300000000012
104600 29.494799999999998
104700 29.671400000000006
104800 29.673500000000004
104900 29.394000000000005
105000 29.64240000000001
105100 29.662200000000013
105200 29.880100000000013
105300 29.771200000000007
105400 29.71330000000001
105500 30.014800000000008
105600 29.8206
105700 29.585400000000007
105800 29.958200000000005
105900 30.175200000000004
106000 30.204000000000008
106100 29.964500000000008
106200 29.777600000000007
106300 30.025
106400 30.182900000000004
106500 30.401900000000005
106600 30.111800000000002
106700 30.12080000000001
106800 30.335300000000004
106900 30.211400000000005
107000 30.347300000000004
107100 29.8724
107200 30.102700000000013
107300 29.881200000000007
107400 30.489000000000004
107500 30.116000000000007
107600 30.086200000000005
107700 30.193600000000004
107800 30.487000000000002
107900 30.5357
108000 30.377200000000002
108100 30.483800000000002
108200 30.749900000000004
108300 30.6533
108400 30.445999999999998
108500 30.668400000000013
108600 30.7329
108700 30.841000000000008
108800 30.8964
108900 31.0786
109000 31.046000000000006
109100 31.234800000000014
109200 30.950100000000013
109300 31.022700000000007
109400 31.139500000000012
109500 31.201100000000004
109600 31.083900000000007
109700 31.06960000000001
109800 31.1892
109900 31.0056
110000 31.317000000000007
110100 30.999500000000012
110200 31.233300000000007
110300 30.874000000000002
110400 30.926300000000005
110500 31.078899999999997
110600 31.436700000000002
110700 31.39820000000001
110800 31.648900000000012
110900 31.456100000000013
111000 31.2922
111100 31.597500000000004
111200 31.722500000000004
111300 31.5094
111400 31.5291
111500 31.411100000000012
111600 31.56170000000001
111700 31.775800000000004
111800 31.972300000000004
111900 32.0489
112000 31.78730000000001
112100 31.809600000000003
112200 31.881400000000006
112300 32.047799999999995
112400 31.9825
112500 32.1169
112600 31.555200000000006
112700 31.6186
112800 31.668400000000005
112900 31.938700000000004
113000 31.797100000000007
113100 32.047000000000004
113200 32.09620000000001
113300 31.8099
113400 32.34570000000001
113500 32.1368
113600 32.54020000000001
113700 32.4227
113800 32.571
113900 32.51970000000001
114000 32.141000000000005
114100 32.244000000000014
114200 32.34370000000001
114300 32.28050000000001
114400 32.74210000000001
114500 32.4194
114600 32.394999999999996
114700 32.87980000000001
114800 32.607099999999996
114900 32.60800000000001
115000 32.753200000000014
115100 32.89630000000001
115200 33.049200000000006
115300 32.702600000000004
115400 33.031400000000005
115500 32.9133
115600 32.7098
115700 33.27830000000001
115800 32.81510000000001
115900 33.001400000000004
116000 33.3237
116100 33.036
116200 33.07630000000001
116300 33.283699999999996
116400 33.19460000000001
116500 33.496600000000015
116600 33.2742
116700 33.2117
116800 32.972300000000004
116900 33.168700000000015
117000 33.23800000000001
117100 33.3517
117200 33.1655
117300 33.087700000000005
117400 33.4401
117500 33.25170000000001
117600 33.38530000000001
117700 33.5533
117800 33.554100000000005
117900 33.5125
118000 33.4281
118100 33.6439
118200 33.1599
118300 33.60340000000001
118400 33.42850000000001
118500 33.576
118600 33.7501
118700 33.8592
118800 33.9283
118900 33.96630000000001
119000 33.83500000000001
119100 33.953500000000005
119200 34.2727
119300 33.9731
119400 33.9357
119500 33.996800000000015
119600 34.054700000000004
119700 34.49750000000001
119800 34.55080000000001
119900 34.26990000000001
120000 34.45200000000001
120100 34.586200000000005
120200 34.60860000000001
120300 34.528600000000004
120400 34.56230000000001
120500 34.66100000000001
120600 34.59960000000001
120700 34.47850000000001
120800 34.2911
120900 34.7328
121000 34.59090000000001
121100 34.47090000000001
121200 34.5238
121300 34.533500000000004
121400 34.886
121500 34.84600000000001
121600 35.01610000000001
121700 34.8536
121800 35.00670000000001
121900 35.0182
122000 35.03710000000001
122100 35.086000000000006
122200 35.08600000000001
122300 35.015800000000006
122400 35.29760000000001
122500 35.14940000000001
122600 35.13980000000001
122700 35.37000000000001
122800 35.112
122900 35.31990000000001
123000 35.4566
123100 35.567299999999996
123200 35.368900000000004
123300 35.491000000000014
123400 35.36430000000001
123500 35.4958
123600 35.482200000000006
123700 35.612700000000004
123800 35.6789
123900 35.49320000000001
124000 35.624300000000005
124100 35.6574
124200 35.611700000000006
124300 35.35920000000001
124400 35.335800000000006
124500 35.555400000000006
124600 35.5974
124700 35.66460000000001
124800 35.556
124900 35.39020000000001
125000 35.4795
125100 35.5453
125200 35.44660000000001
125300 35.4166
125400 35.436000000000014
125500 35.31490000000001
125600 35.61690000000001
125700 35.499900000000004
125800 35.977000000000004
125900 36.10750000000001
126000 35.873200000000004
126100 36.11960000000001
126200 36.18690000000001
126300 36.1188
126400 36.35850000000001
126500 36.2015
126600 36.05170000000001
126700 36.1856
126800 36.3127
126900 36.329299999999996
127000 36.390600000000006
127100 36.8234
127200 36.581100000000006
127300 36.61460000000001
127400 36.84620000000001
127500 36.6505
127600 37.029100000000014
127700 36.55680000000001
127800 36.7068
127900 36.762600000000006
128000 36.8205
128100 36.77380000000001
128200 36.970000000000006
128300 37.19400000000001
128400 36.8997
128500 36.93550000000001
128600 37.22370000000001
128700 37.0278
128800 36.91480000000001
128900 36.8658
129000 36.8136
129100 37.177600000000005
129200 37.0322
129300 37.10580000000001
129400 36.8735
129500 36.895100000000006
129600 36.8096
129700 37.35490000000001
129800 36.99300000000001
129900 37.20170000000001
130000 37.24970000000001
130100 37.3471
130200 37.505199999999995
130300 37.1366
130400 37.57040000000001
130500 37.458200000000005
130600 37.12310000000001
130700 37.044000000000004
130800 37.6037
130900 37.8125
131000 37.7104
131100 37.59620000000001
131200 37.706500000000005
131300 37.537400000000005
131400 37.77080000000001
131500 38.19570000000001
131600 37.837500000000006
131700 37.8508
131800 38.24830000000001
131900 38.04380000000001
132000 37.75930000000001
132100 37.996400000000015
132200 37.942400000000006
132300 37.78050000000001
132400 37.8102
132500 38.3121
132600 38.15250000000001
132700 38.00300000000001
132800 37.95430000000001
132900 38.09450000000001
133000 38.2794
133100 38.3389
133200 38.052800000000005
133300 38.4521
133400 38.3158
133500 38.658300000000004
133600 38.554100000000005
133700 38.7213
133800 38.442600000000006
133900 38.6693
134000 38.654
134100 38.611399999999996
134200 38.95940000000001
134300 38.9712
134400 38.980500000000006
134500 38.87410000000001
134600 38.5001
134700 38.83240000000001
134800 38.752
134900 38.7956
135000 38.5174
135100 38.9529
135200 39.251000000000005
135300 38.9137
135400 38.8871
135500 38.9745
135600 38.7778
135700 38.931200000000004
135800 39.2537
135900 39.510200000000005
136000 39.172
136100 39.211400000000005
136200 39.08840000000001
136300 39.15590000000001
136400 39.523300000000006
136500 39.4434
136600 39.3798
136700 39.41900000000001
136800 39.499100000000006
136900 39.51980000000001
137000 39.47830000000001
137100 39.6742
137200 39.90940000000001
137300 39.45660000000001
137400 39.428900000000006
137500 39.5618
137600 39.64070000000001
137700 39.744400000000006
137800 39.58480000000001
137900 39.580600000000004
138000 39.78900000000001
138100 39.708600000000004
138200 39.552600000000005
138300 39.72390000000001
138400 39.94250000000001
138500 40.0465
138600 40.1997
138700 39.67170000000001
138800 39.8363
138900 39.630500000000005
139000 39.79680000000001
139100 40.05380000000001
139200 40.0705
139300 40.125400000000006
139400 39.57630000000001
139500 40.17060000000001
139600 39.9857
139700 40.31900000000001
139800 40.412000000000006
139900 40.3821
140000 40.1173
140100 40.4636
140200 40.2411
140300 40.341800000000006
140400 40.52220000000001
140500 40.12520000000001
140600 39.7336
140700 40.0375
140800 40.097300000000004
140900 40.62250000000001
141000 40.38570000000001
141100 40.399
141200 40.7309
141300 40.562400000000004
141400 40.77100000000001
141500 40.618
141600 40.720400000000005
141700 40.47140000000001
141800 40.758100000000006
141900 40.90570000000001
142000 40.93970000000001
142100 40.96860000000001
142200 40.913700000000006
142300 41.1903
142400 41.1806
142500 41.30110000000001
142600 41.61480000000001
142700 41.36560000000001
142800 41.2836
142900 41.18450000000001
143000 41.391799999999996
143100 41.418800000000005
143200 41.575900000000004
143300 41.3723
143400 41.21240000000001
143500 41.374900000000004
143600 41.59610000000001
143700 41.32920000000001
143800 41.402100000000004
143900 41.1826
144000 41.260400000000004
144100 41.320600000000006
144200 41.427200000000006
144300 41.4211
144400 41.32490000000001
144500 41.00990000000001
144600 41.357
144700 41.28730000000001
144800 41.67210000000001
144900 41.837900000000005
145000 41.49360000000001
145100 41.6263
145200 41.85620000000001
145300 42.06710000000001
145400 42.05170000000001
145500 41.77220000000001
145600 41.9741
145700 42.25380000000001
145800 42.1207
145900 42.06510000000001
146000 42.2014
146100 42.21220000000001
146200 42.07430000000001
146300 42.2184
146400 42.314800000000005
146500 42.47860000000001
146600 42.3491
146700 42.5469
146800 42.82930000000001
146900 42.6867
147000 42.37500000000001
147100 42.8341
147200 42.632600000000004
147300 42.50970000000001
147400 42.6867
147500 42.3622
147600 42.8709
147700 42.673100000000005
147800 43.09600000000001
147900 43.05970000000001
148000 43.2077
148100 43.290400000000005
148200 43.2077
148300 43.028099999999995
148400 42.95920000000001
148500 43.008500000000005
148600 43.12970000000001
148700 43.3082
148800 43.494200000000006
148900 43.2518
149000 43.20970000000001
149100 43.48260000000001
149200 43.11050000000001
149300 43.138200000000005
149400 43.1723
149500 42.895500000000006
149600 42.73790000000001
149700 43.120900000000006
149800 43.2525
149900 42.9104
150000 43.1086
150100 43.10890000000001
150200 43.11180000000001
150300 43.135200000000005
150400 43.1081
150500 43.244600000000005
150600 43.1734
150700 43.16860000000001
150800 43.15940000000001
150900 43.3905
151000 43.20830000000001
151100 43.5536
151200 43.8141
151300 43.540800000000004
151400 43.87230000000001
151500 43.83720000000001
151600 43.9972
151700 43.92290000000001
151800 44.0293
151900 43.8463
152000 44.35470000000001
152100 44.20040000000001
152200 44.15380000000001
152300 44.3251
152400 44.424800000000005
152500 43.705300000000015
152600 44.2843
152700 44.02570000000001
152800 44.1944
152900 44.47010000000001
153000 44.20640000000001
153100 44.45900000000001
153200 44.288
153300 44.4812
153400 44.59370000000001
153500 44.58590000000001
153600 44.428
153700 44.424600000000005
153800 44.3343
153900 44.57110000000001
154000 44.39130000000001
154100 44.58330000000001
154200 44.7149
154300 44.354800000000004
154400 44.707400000000014
154500 44.5626
154600 44.778200000000005
154700 44.7654
154800 44.7781
154900 44.6985
155000 44.3406
155100 44.46200000000001
155200 44.4962
155300 44.39450000000001
155400 44.7783
155500 45.016500000000015
155600 44.75940000000001
155700 45.075700000000005
155800 45.12760000000001
155900 45.3725
156000 45.18000000000001
156100 45.3918
156200 45.215500000000006
156300 45.2637
156400 45.52190000000001
156500 45.166900000000005
156600 45.4349
156700 45.52890000000001
156800 45.1018
156900 45.620000000000005
157000 45.60300000000001
157100 45.5044
157200 45.71860000000001
157300 45.744600000000005
157400 45.6064
157500 45.54540000000001
157600 45.5479
157700 45.832
157800 45.86180000000001
157900 45.93870000000001
158000 45.57260000000001
158100 45.63840000000001
158200 45.89000000000001
158300 45.928700000000006
158400 45.7809
158500 45.887800000000006
158600 45.9994
158700 46.040000000000006
158800 46.159600000000005
158900 46.30700000000001
159000 46.04090000000001
159100 46.16740000000001
159200 46.0266
159300 45.87310000000001
159400 45.815400000000004
159500 46.148900000000005
159600 45.993400000000015
159700 46.12390000000001
159800 46.16890000000001
159900 46.2547
160000 46.1632
160100 46.318200000000004
