10100 0.0
10200 0.09109999999999019
10300 0.08610000000000184
10400 0.37479999999999336
10500 0.24099999999999255
10600 0.4695999999999927
10700 0.4387999999999934
10800 0.45060000000000144
10900 0.3142999999999887
11000 0.14519999999998845
11100 0.17979999999999308
11200 0.21479999999999677
11300 0.34129999999999683
11400 0.3626999999999896
11500 0.16430000000000433
11600 0.39219999999999544
11700 0.06789999999999452
11800 0.432300000000005
11900 0.17009999999999792
12000 0.321799999999989
12100 0.4411000000000058
12200 0.2723000000000013
12300 0.4116999999999962
12400 0.6824000000000012
12500 0.6039999999999921
12600 0.532900000000005
12700 0.7033999999999949
12800 0.6400999999999968
12900 0.3861999999999952
13000 0.7371999999999943
13100 0.6173999999999964
13200 0.6977000000000046
13300 0.5198999999999998
13400 0.603900000000003
13500 0.6118999999999915
13600 0.5435999999999979
13700 0.524799999999999
13800 0.39690000000000225
13900 0.35079999999999245
14000 0.4151999999999916
14100 0.40929999999999467
14200 0.3247
14300 0.2575999999999965
14400 0.3622000000000014
14500 0.35139999999999816
14600 0.5683999999999969
14700 0.469699999999996
14800 0.307699999999997
14900 0.670899999999996
15000 0.26540000000000674
15100 0.455600000000004
15200 0.3416999999999959
15300 0.5046999999999997
15400 0.5107999999999961
15500 0.497799999999998
15600 0.6343999999999923
15700 0.734800000000007
15800 0.7332000000000036
15900 1.0149999999999935
16000 0.8659999999999997
16100 0.9243000000000023
16200 1.01039999999999
16300 0.9489999999999981
16400 0.8459000000000003
16500 0.6698999999999913
16600 0.8781999999999925
16700 0.8482000000000056
16800 0.8183999999999969
16900 0.5352999999999923
17000 0.7948999999999984
17100 0.859499999999997
17200 0.8117000000000019
17300 0.8204999999999956
17400 0.8492999999999924
17500 0.6350999999999942
17600 0.8026999999999944
17700 0.9504000000000019
17800 0.9842999999999975
17900 0.9455000000000027
18000 0.8322999999999965
18100 0.6321000000000012
18200 0.5445999999999955
18300 0.855400000000003
18400 0.8503999999999934
18500 0.9121000000000024
18600 0.9571999999999932
18700 0.9799999999999969
18800 0.9514999999999958
18900 1.0841999999999956
19000 0.9370999999999938
19100 1.0996999999999915
19200 1.0277999999999992
19300 0.8924999999999912
19400 0.8082999999999956
19500 1.0737000000000023
19600 0.9974999999999952
19700 0.9829000000000008
19800 0.9132999999999996
19900 1.0108999999999924
20000 0.7022999999999939
20100 0.950800000000001
20200 0.935299999999998
20300 1.1095000000000041
20400 0.8551000000000002
20500 0.9407999999999888
20600 0.926400000000001
20700 0.856899999999996
20800 0.9007000000000005
20900 1.1691999999999894
21000 0.9252999999999929
21100 1.036200000000001
21200 0.8776999999999973
21300 0.8342999999999918
21400 1.021799999999999
21500 1.2190000000000012
21600 1.0548000000000002
21700 1.1898000000000053
21800 0.9655999999999949
21900 0.9115999999999929
22000 0.8940000000000055
22100 1.1629999999999896
22200 0.9286999999999992
22300 1.032199999999996
22400 0.9949999999999974
22500 0.9707000000000008
22600 0.9875999999999934
22700 0.976700000000001
22800 0.9709000000000003
22900 1.0800999999999945
23000 1.1434999999999889
23100 1.0574999999999974
23200 1.079500000000003
23300 1.0257999999999967
23400 1.1100000000000065
23500 1.0957000000000008
23600 0.9665999999999926
23700 1.1892000000000067
23800 1.0129999999999981
23900 1.0286999999999935
24000 1.1976000000000013
24100 0.9546000000000063
24200 0.9849999999999994
24300 1.1502999999999943
24400 1.1565999999999974
24500 0.9080000000000013
24600 1.169300000000007
24700 0.9710999999999927
24800 1.1880999999999986
24900 1.1991000000000014
25000 1.1067999999999927
25100 1.069199999999995
25200 1.0681999999999974
25300 1.2140999999999948
25400 1.0219000000000023
25500 1.2933000000000021
25600 1.0697999999999936
25700 1.349899999999998
25800 1.2205999999999975
25900 1.2986999999999966
26000 1.0741000000000014
26100 1.032899999999998
26200 1.0641999999999996
26300 1.064700000000002
26400 1.0487999999999928
26500 1.1171999999999969
26600 1.0842000000000027
26700 1.0712999999999937
26800 0.9707000000000008
26900 1.1409999999999982
27000 1.269999999999996
27100 1.0842000000000027
27200 1.3353999999999928
27300 1.2584999999999908
27400 1.107200000000006
27500 1.0414999999999992
27600 1.3107999999999933
27700 1.1788999999999916
27800 1.3355999999999995
27900 1.310299999999991
28000 1.2663999999999973
28100 1.4614000000000047
28200 1.0486999999999966
28300 1.3851000000000013
28400 1.0551999999999992
28500 0.9995999999999938
28600 1.3149999999999977
28700 1.0365999999999929
28800 1.1376999999999882
28900 1.3307000000000002
29000 1.0851999999999933
29100 1.127600000000001
29200 1.1539000000000001
29300 1.0696000000000012
29400 1.1812999999999931
29500 1.3854000000000042
29600 1.1375000000000028
29700 1.1011999999999915
29800 1.192299999999996
29900 1.3471999999999937
30000 1.4083999999999932
30100 1.029999999999994
30200 1.3177999999999912
30300 0.9951999999999899
30400 1.2837999999999994
30500 1.3922000000000025
30600 1.1574000000000026
30700 1.3315999999999946
30800 1.243699999999997
30900 1.4149999999999991
31000 1.163899999999991
31100 1.055099999999996
31200 1.282899999999998
31300 1.439300000000003
31400 1.3533000000000044
31500 1.3588999999999913
31600 1.2350999999999956
31700 1.2358999999999938
31800 1.018499999999996
31900 1.357599999999998
32000 1.315499999999993
32100 1.2719000000000023
32200 1.5227999999999966
32300 1.3625999999999934
32400 1.179799999999993
32500 1.3784999999999883
32600 1.1322000000000045
32700 1.104699999999994
32800 1.2837999999999923
32900 1.2757999999999967
33000 1.311
33100 1.1672999999999902
33200 1.3966999999999956
33300 1.1872000000000043
33400 1.4619
33500 1.2215999999999951
33600 1.2213999999999956
33700 1.407599999999995
33800 1.309599999999996
33900 1.1747999999999905
34000 1.115400000000001
34100 1.3530000000000015
34200 1.3030999999999935
34300 1.1773999999999987
34400 1.264499999999991
34500 1.1526999999999958
34600 1.1687000000000012
34700 1.1281000000000034
34800 1.1293000000000006
34900 1.0172999999999988
35000 1.0058000000000007
35100 1.0597999999999956
35200 1.0705999999999989
35300 1.045800000000007
35400 1.2401999999999944
35500 1.2867999999999924
35600 1.1661999999999964
35700 1.0609999999999928
35800 1.1666000000000025
35900 1.2630999999999943
36000 1.301799999999993
36100 1.437899999999999
36200 1.3479000000000028
36300 1.2749000000000024
36400 1.4296999999999969
36500 1.3649999999999949
36600 1.4000999999999948
36700 1.529999999999994
36800 1.131999999999998
36900 1.1123000000000047
37000 0.9409999999999954
37100 1.0453999999999937
37200 1.0366
37300 1.238899999999994
37400 1.1620999999999952
37500 1.0220000000000056
37600 1.1578999999999908
37700 1.1392999999999986
37800 1.2314000000000007
37900 1.0628000000000029
38000 1.0649999999999906
38100 1.277399999999993
38200 0.9729000000000028
38300 1.130199999999995
38400 1.1180999999999912
38500 1.2010000000000005
38600 1.2360000000000042
38700 1.0696000000000012
38800 1.209699999999998
38900 1.3356999999999886
39000 1.0420999999999978
39100 1.4451999999999927
39200 1.3671000000000006
39300 1.2521000000000058
39400 1.1550000000000011
39500 1.2971000000000004
39600 1.113500000000002
39700 1.2400999999999982
39800 1.3200000000000003
39900 1.388300000000001
40000 1.2128000000000014
40100 1.2764999999999986
40200 1.181999999999995
40300 1.2226
40400 1.2055999999999898
40500 1.136499999999991
40600 1.2115999999999971
40700 1.1768999999999963
40800 1.3053999999999988
40900 1.1799999999999926
41000 1.2415999999999983
41100 1.1696999999999917
41200 1.3356999999999886
41300 1.056999999999995
41400 1.400100000000002
41500 1.297699999999999
41600 1.354699999999994
41700 1.5660999999999916
41800 1.4050000000000011
41900 1.1979000000000042
42000 1.3245999999999896
42100 1.2676000000000016
42200 1.4201999999999941
42300 1.2892999999999972
42400 1.2410999999999959
42500 1.3768999999999991
42600 1.3796999999999997
42700 1.1992999999999938
42800 1.4392999999999958
42900 1.261499999999998
43000 1.507099999999994
43100 1.1495000000000033
43200 1.117999999999995
43300 1.3262
43400 1.2789999999999964
43500 1.3427999999999969
43600 1.4838999999999913
43700 1.1380999999999943
43800 1.2438999999999965
43900 1.3422000000000054
44000 1.4074999999999989
44100 1.3144999999999953
44200 1.5539000000000058
44300 1.2691999999999908
44400 1.365400000000001
44500 1.5013999999999967
44600 1.507099999999994
44700 1.4527999999999963
44800 1.379099999999994
44900 1.181600000000003
45000 1.4960999999999984
45100 1.4855000000000018
45200 1.2877999999999972
45300 1.6996000000000038
45400 1.7545999999999964
45500 1.451999999999991
45600 1.5405999999999977
45700 1.3838000000000008
45800 1.3746999999999971
45900 1.4569000000000045
46000 1.481900000000003
46100 1.2560999999999964
46200 1.3556999999999988
46300 1.0518999999999963
46400 1.2824000000000026
46500 1.595800000000004
46600 1.2179999999999964
46700 1.2949999999999946
46800 1.374299999999998
46900 1.4506000000000014
47000 1.4040999999999926
47100 1.6349000000000018
47200 1.5292999999999992
47300 1.4895999999999958
47400 1.3726000000000056
47500 1.256999999999998
47600 1.2765999999999948
47700 1.4358999999999966
47800 0.9742999999999995
47900 1.4140999999999977
48000 1.383199999999995
48100 1.441199999999995
48200 1.4624000000000024
48300 1.3970999999999947
48400 1.3097000000000065
48500 1.5373000000000019
48600 1.2507999999999981
48700 1.3937999999999988
48800 1.3829999999999956
48900 1.3773999999999944
49000 1.6315000000000026
49100 1.317299999999996
49200 1.4677999999999969
49300 1.7618999999999971
49400 1.858399999999996
49500 1.5690000000000026
49600 1.6533999999999978
49700 1.0431999999999988
49800 1.5459999999999994
49900 1.6144000000000034
50000 1.6807999999999907
50100 1.6730000000000018
50200 1.4425999999999917
50300 1.4525999999999968
50400 1.657599999999995
50500 1.5435999999999908
50600 1.617599999999996
50700 1.4039000000000001
50800 1.4623999999999953
50900 1.6029999999999944
51000 1.593599999999988
51100 1.2594000000000065
51200 1.467100000000002
51300 1.564700000000002
51400 1.365400000000001
51500 1.8477999999999923
51600 1.617999999999995
51700 1.3937000000000026
51800 1.7116999999999933
51900 1.7286000000000001
52000 1.7123000000000062
52100 1.6876999999999924
52200 1.9820999999999955
52300 1.5031000000000034
52400 1.7107999999999919
52500 1.7961000000000027
52600 1.6692999999999998
52700 1.6733999999999938
52800 1.7229000000000028
52900 1.634699999999988
53000 1.8107999999999933
53100 1.825499999999991
53200 1.787399999999998
53300 1.8286000000000016
53400 1.8979
53500 2.026699999999991
53600 2.068099999999994
53700 1.9357000000000042
53800 2.057399999999994
53900 2.0298000000000016
54000 1.857599999999998
54100 2.023699999999991
54200 2.0401999999999987
54300 2.103900000000003
54400 2.2195000000000036
54500 2.349100000000007
54600 2.264799999999994
54700 2.1795999999999935
54800 1.795800000000007
54900 2.0326999999999984
55000 2.1643000000000043
55100 1.8573999999999984
55200 2.0034999999999954
55300 2.0200999999999993
55400 1.838799999999999
55500 1.808099999999989
55600 1.7404999999999902
55700 2.126899999999992
55800 1.7523999999999944
55900 1.9886999999999944
56000 2.0741999999999976
56100 1.9693999999999932
56200 1.9803999999999888
56300 1.8881999999999977
56400 2.13689999999999
56500 1.9582999999999942
56600 1.9309999999999974
56700 1.966700000000003
56800 1.9278000000000048
56900 1.9132999999999996
57000 1.9003000000000014
57100 1.9962000000000018
57200 1.9107999999999876
57300 1.9497
57400 1.804000000000002
57500 1.900500000000001
57600 2.0215999999999994
57700 2.117999999999988
57800 1.845399999999998
57900 1.9558000000000035
58000 1.9964999999999904
58100 2.0844000000000023
58200 1.7837999999999923
58300 1.8353999999999928
58400 2.13089999999999
58500 1.8270000000000053
58600 2.0168000000000035
58700 2.171900000000001
58800 2.0112000000000023
58900 2.0579999999999927
59000 1.9398999999999944
59100 2.048400000000001
59200 1.900500000000001
59300 1.757799999999996
59400 2.0631000000000057
59500 1.9675999999999974
59600 1.9932999999999907
59700 1.903500000000001
59800 1.853599999999993
59900 2.1036
60000 1.9155999999999977
60100 1.9631000000000043
60200 1.966000000000001
60300 2.1807000000000016
60400 2.050699999999999
60500 2.0596999999999923
60600 2.0752999999999915
60700 2.200399999999995
60800 1.9166999999999916
60900 2.121299999999998
61000 2.1147999999999954
61100 1.984099999999998
61200 2.141299999999994
61300 1.994400000000006
61400 2.3367000000000004
61500 2.0089999999999932
61600 2.0897999999999897
61700 2.208599999999997
61800 2.2268999999999934
61900 2.0312999999999946
62000 1.9921000000000006
62100 2.0895999999999972
62200 2.067999999999998
62300 1.8976000000000042
62400 2.1935999999999964
62500 1.9864999999999995
62600 2.1096999999999966
62700 2.048099999999991
62800 2.0989999999999895
62900 2.056599999999996
63000 2.1899000000000015
63100 2.033700000000003
63200 2.262900000000002
63300 2.0700000000000003
63400 2.158699999999996
63500 2.1372
63600 2.1251999999999995
63700 2.2094000000000023
63800 2.457100000000004
63900 2.2591000000000037
64000 2.092100000000002
64100 2.241599999999991
64200 2.1414999999999935
64300 2.3116999999999948
64400 2.322499999999998
64500 2.2401999999999944
64600 2.4299999999999997
64700 2.3205000000000027
64800 2.453099999999999
64900 2.4439999999999955
65000 2.3560999999999908
65100 2.273299999999999
65200 2.3888999999999996
65300 2.308799999999991
65400 2.1165999999999983
65500 2.7436000000000007
65600 2.5067999999999984
65700 2.7323999999999984
65800 2.6141000000000005
65900 2.6585000000000036
66000 2.7021000000000015
66100 2.7027
66200 2.799900000000001
66300 2.9044000000000025
66400 2.8540999999999954
66500 3.0368000000000066
66600 2.976700000000001
66700 3.2689999999999984
66800 3.400500000000008
66900 3.4932000000000016
67000 4.030000000000001
67100 3.8607999999999976
67200 4.572800000000001
67300 4.781000000000006
67400 5.346399999999996
67500 5.668199999999992
67600 6.482700000000001
67700 7.125100000000003
67800 6.946100000000001
67900 7.329199999999993
68000 7.6203
68100 8.118600000000008
68200 8.270299999999992
68300 9.503100000000003
68400 9.929500000000004
68500 10.4799
68600 10.8917
68700 11.303999999999995
68800 11.564299999999989
68900 11.7868
69000 12.035400000000003
69100 12.179200000000002
69200 12.071399999999997
69300 13.271199999999993
69400 12.939299999999996
69500 13.267499999999991
69600 13.494399999999999
69700 13.367300000000007
69800 13.881799999999991
69900 13.343600000000002
70000 13.922099999999993
70100 13.68
70200 13.883000000000003
70300 14.088900000000002
70400 14.242500000000007
70500 14.17369999999999
70600 14.42819999999999
70700 14.32009999999999
70800 14.295200000000008
70900 14.085599999999992
71000 15.113299999999995
71100 14.5794
71200 15.0484
71300 14.85049999999999
71400 15.389799999999994
71500 15.17649999999999
71600 15.482800000000005
71700 15.538400000000003
71800 15.837499999999999
71900 16.060299999999998
72000 15.794699999999999
72100 16.417600000000007
72200 16.286299999999997
72300 16.976899999999993
72400 16.537300000000002
72500 17.135399999999997
72600 17.462399999999995
72700 17.259999999999998
72800 17.423399999999994
72900 17.726299999999995
73000 17.836699999999993
73100 17.951899999999995
73200 18.332199999999993
73300 18.32679999999999
73400 18.484799999999993
73500 18.6834
73600 18.604000000000006
73700 19.1578
73800 18.988299999999995
73900 19.3001
74000 19.16819999999999
74100 18.8692
74200 18.8523
74300 19.41259999999999
74400 19.2678
74500 19.268499999999996
74600 18.689499999999995
74700 19.5381
74800 19.114200000000004
74900 19.3555
75000 19.264200000000002
75100 19.221899999999998
75200 19.45559999999999
75300 19.437199999999997
75400 19.247199999999992
75500 19.239799999999995
75600 19.257499999999993
75700 19.1622
75800 19.118599999999994
75900 18.999599999999994
76000 19.075000000000003
76100 19.296299999999995
76200 19.427899999999994
76300 19.608800000000002
76400 19.6209
76500 19.734299999999998
76600 19.998699999999992
76700 20.1911
76800 20.177599999999998
76900 20.088500000000003
77000 20.291199999999996
77100 20.62109999999999
77200 20.7682
77300 20.764499999999998
77400 21.1291
77500 20.987099999999998
77600 20.991699999999994
77700 20.975899999999996
77800 21.03949999999999
77900 20.948
78000 21.109299999999998
78100 21.040799999999997
78200 21.2365
78300 21.2673
78400 21.143499999999996
78500 20.991100000000003
78600 20.907600000000002
78700 21.3859
78800 21.080800000000004
78900 21.409299999999995
79000 21.449999999999996
79100 21.188100000000006
79200 21.075599999999994
79300 21.228099999999998
79400 21.085699999999996
79500 21.3795
79600 21.2808
79700 21.9968
79800 21.528100000000002
79900 21.47639999999999
80000 21.702099999999994
80100 21.430899999999994
80200 21.687200000000004
80300 21.527599999999993
80400 21.5413
80500 21.630900000000004
80600 21.708999999999996
80700 21.9557
80800 21.969
80900 22.16859999999999
81000 21.860300000000002
81100 21.955299999999994
81200 21.870799999999996
81300 22.159100000000002
81400 22.081699999999998
81500 22.144799999999996
81600 21.947999999999993
81700 22.1595
81800 22.4608
81900 22.134900000000002
82000 22.149100000000004
82100 22.3609
82200 22.570800000000006
82300 22.294599999999996
82400 22.479900000000008
82500 22.6059
82600 22.37879999999999
82700 22.504399999999997
82800 22.494600000000005
82900 22.347699999999996
83000 22.164899999999996
83100 22.076800000000006
83200 22.0272
83300 21.832099999999997
83400 22.170299999999997
83500 22.004600000000003
83600 22.011900000000004
83700 21.796899999999994
83800 22.180299999999995
83900 22.038299999999992
84000 22.1115
84100 22.2151
84200 22.263099999999994
84300 22.102900000000005
84400 22.381099999999996
84500 22.1434
84600 22.195700000000002
84700 22.344799999999992
84800 22.371599999999994
84900 22.53239999999999
85000 22.3005
85100 22.5993
85200 22.43979999999999
85300 22.302699999999994
85400 22.571299999999994
85500 22.575499999999998
85600 22.944799999999994
85700 22.835900000000002
85800 23.0158
85900 23.124299999999998
86000 23.286099999999998
86100 23.370600000000003
86200 23.532599999999995
86300 23.273999999999994
86400 23.472900000000003
86500 23.608599999999996
86600 23.767399999999995
86700 23.629999999999995
86800 23.7594
86900 23.680299999999995
87000 23.733099999999993
87100 23.6866
87200 23.91369999999999
87300 23.7635
87400 23.857100000000003
87500 24.151399999999995
87600 24.042099999999998
87700 23.893599999999992
87800 24.069699999999997
87900 24.134000000000007
88000 23.900199999999998
88100 24.38449999999999
88200 23.625699999999995
88300 23.95369999999999
88400 24.03
88500 24.258200000000002
88600 23.752599999999994
88700 23.919700000000006
88800 24.021699999999996
88900 23.971899999999998
89000 24.081700000000005
89100 24.045499999999997
89200 24.09259999999999
89300 24.021700000000003
89400 24.251699999999992
89500 24.22289999999999
89600 24.180999999999997
89700 24.28799999999999
89800 24.3005
89900 24.435599999999994
90000 24.336099999999995
90100 24.439
90200 24.376299999999993
90300 24.531599999999997
90400 24.423899999999996
90500 24.6515
90600 24.391099999999994
90700 24.44749999999999
90800 24.708799999999997
90900 24.316999999999993
91000 24.540299999999995
91100 24.413600000000002
91200 24.4765
91300 24.509999999999998
91400 24.532899999999998
91500 24.692700000000002
91600 24.725500000000004
91700 24.694700000000005
91800 24.9187
91900 25.015499999999996
92000 24.912000000000006
92100 25.222500000000004
92200 24.9688
92300 25.416799999999995
92400 25.136800000000008
92500 24.995699999999992
92600 25.197899999999997
92700 25.2337
92800 24.993000000000002
92900 25.233400000000003
93000 25.270099999999992
93100 25.061699999999995
93200 25.19619999999999
93300 25.095000000000006
93400 25.4026
93500 25.344
93600 25.514399999999995
93700 25.198199999999993
93800 25.295699999999997
93900 25.719
94000 25.5908
94100 25.62559999999999
94200 25.1402
94300 25.72339999999999
94400 25.626600000000003
94500 25.665899999999993
94600 25.63239999999999
94700 25.5974
94800 25.169800000000002
94900 25.762400000000007
95000 25.6813
95100 25.904799999999994
95200 25.766000000000005
95300 25.98899999999999
95400 25.813699999999997
95500 26.060000000000002
95600 26.128099999999996
95700 26.257799999999996
95800 25.9769
95900 26.17779999999999
96000 26.320700000000002
96100 26.234099999999998
96200 26.150100000000002
96300 26.3174
96400 26.364600000000003
96500 26.5122
96600 26.420399999999994
96700 26.1423
96800 26.565700000000007
96900 26.494999999999997
97000 26.426300000000005
97100 26.275099999999995
97200 26.4336
97300 26.603299999999997
97400 26.433799999999998
97500 26.6124
97600 26.619099999999996
97700 26.703700000000005
97800 26.633699999999997
97900 26.77199999999999
98000 26.79719999999999
98100 26.908
98200 27.0734
98300 26.997399999999992
98400 26.839899999999993
98500 26.9987
98600 26.947400000000002
98700 27.29339999999999
98800 27.186500000000002
98900 27.0206
99000 27.211
99100 27.1481
99200 27.2299
99300 27.498200000000004
99400 27.3848
99500 27.18439999999999
99600 27.239799999999995
99700 27.525599999999997
99800 27.547699999999992
99900 27.632500000000007
100000 27.589099999999988
100100 27.639200000000002
100200 27.5873
100300 27.718600000000002
100400 27.6389
100500 28.075499999999998
100600 27.868399999999994
100700 27.739599999999996
100800 27.665299999999995
100900 27.958
101000 27.938000000000002
101100 27.893899999999995
101200 28.042199999999994
101300 27.985299999999995
101400 27.86589999999999
101500 28.1211
101600 28.0013
101700 28.1785
101800 28.102799999999995
101900 28.19749999999999
102000 27.8639
102100 28.199799999999996
102200 28.334700000000005
102300 28.115099999999998
102400 28.252299999999998
102500 28.122499999999995
102600 27.939200000000007
102700 28.345899999999993
102800 28.7389
102900 28.340599999999995
103000 28.2502
103100 28.4459
103200 28.919400000000003
103300 28.450899999999997
103400 28.659800000000004
103500 28.4215
103600 28.508700000000005
103700 28.92969999999999
103800 28.622500000000002
103900 28.399499999999996
104000 28.61639999999999
104100 28.280899999999995
104200 28.5175
104300 28.823999999999998
104400 28.847899999999996
104500 28.893400000000007
104600 28.7669
104700 28.99179999999999
104800 28.8737
104900 28.81599999999999
105000 28.825799999999994
105100 29.196099999999994
105200 29.0518
105300 29.384499999999996
105400 29.151700000000005
105500 29.618000000000002
105600 29.238799999999998
105700 29.148900000000005
105800 29.3617
105900 29.7605
106000 29.4212
106100 29.58019999999999
106200 29.289500000000004
106300 29.462200000000003
106400 29.7605
106500 29.5141
106600 29.526399999999995
106700 29.550799999999995
106800 29.458899999999993
106900 29.492600000000003
107000 29.6261
107100 29.625299999999996
107200 29.736400000000003
107300 29.718400000000003
107400 29.844899999999996
107500 29.90229999999999
107600 29.691500000000005
107700 29.753499999999995
107800 29.685599999999994
107900 29.6333
108000 29.6963
108100 29.6629
108200 29.998799999999996
108300 29.9317
108400 30.104100000000003
108500 30.048599999999993
108600 30.248700000000007
108700 30.1366
108800 30.6946
108900 30.314399999999992
109000 30.5475
109100 30.509399999999992
109200 30.258399999999995
109300 30.5019
109400 30.224799999999995
109500 30.309299999999993
109600 30.2815
109700 30.3258
109800 30.486900000000006
109900 30.429599999999994
110000 30.518699999999995
110100 30.641399999999997
110200 30.3803
110300 30.3992
110400 30.558399999999992
110500 30.7618
110600 30.8609
110700 30.8861
110800 31.026700000000005
110900 30.60009999999999
111000 30.960399999999993
111100 31.227700000000006
111200 31.3457
111300 31.202299999999994
111400 31.1956
111500 31.246399999999994
111600 31.095099999999988
111700 31.2797
111800 31.148799999999994
111900 31.13349999999999
112000 31.143599999999992
112100 31.231399999999994
112200 31.128499999999995
112300 31.177400000000006
112400 31.540999999999997
112500 31.336099999999995
112600 31.2639
112700 31.181399999999996
112800 31.164799999999993
112900 31.345399999999998
113000 31.1697
113100 31.17779999999999
113200 31.4302
113300 31.46999999999999
113400 31.5302
113500 31.795099999999998
113600 32.04829999999999
113700 31.67009999999999
113800 31.8911
113900 31.5788
114000 31.824899999999992
114100 31.676499999999997
114200 31.6366
114300 31.813900000000004
114400 31.807699999999997
114500 31.9358
114600 32.068900000000006
114700 32.01969999999999
114800 31.9499
114900 32.3465
115000 32.44500000000001
115100 32.29109999999999
115200 32.1453
115300 32.2336
115400 32.357299999999995
115500 32.53979999999999
115600 32.4108
115700 32.310399999999994
115800 32.7115
115900 32.496
116000 32.91029999999999
116100 32.43679999999999
116200 32.6404
116300 32.610899999999994
116400 32.6135
116500 32.9183
116600 32.66949999999999
116700 32.78809999999999
116800 32.4948
116900 32.720000000000006
117000 32.71489999999999
117100 32.928599999999996
117200 32.816
117300 33.07809999999999
117400 32.95439999999999
117500 32.976099999999995
117600 32.731
117700 33.0535
117800 32.8301
117900 32.94239999999999
118000 32.82819999999999
118100 32.932900000000004
118200 32.8238
118300 33.086499999999994
118400 33.0104
118500 32.8699
118600 33.209900000000005
118700 32.88419999999999
118800 33.1473
118900 33.24089999999999
119000 33.13689999999999
119100 33.081300000000006
119200 33.3504
119300 33.1142
119400 33.4759
119500 33.422799999999995
119600 33.7214
119700 33.575399999999995
119800 33.76639999999999
119900 33.9923
120000 34.066599999999994
120100 33.92659999999999
120200 33.92529999999999
120300 34.03359999999999
120400 34.056999999999995
120500 34.031499999999994
120600 33.94339999999999
120700 33.8762
120800 34.284200000000006
120900 33.94339999999999
121000 34.1659
121100 33.9707
121200 33.9447
121300 34.26899999999999
121400 34.2438
121500 34.4074
121600 34.2511
121700 34.5731
121800 34.3596
121900 34.3502
122000 34.6821
122100 34.519099999999995
122200 34.7814
122300 34.64319999999999
122400 34.85099999999999
122500 34.7577
122600 34.962399999999995
122700 35.063
122800 34.494299999999996
122900 34.7952
123000 35.092699999999994
123100 34.9255
123200 35.248400000000004
123300 34.989799999999995
123400 35.138600000000004
123500 34.73759999999999
123600 34.8497
123700 34.819199999999995
123800 34.697599999999994
123900 34.8734
124000 34.71510000000001
124100 35.0283
124200 34.95669999999999
124300 35.02159999999999
124400 35.11729999999999
124500 35.490399999999994
124600 35.2229
124700 35.3387
124800 35.0683
124900 35.2218
125000 35.11109999999999
125100 34.99439999999999
125200 35.089
125300 34.966499999999996
125400 34.896899999999995
125500 34.94559999999999
125600 35.24979999999999
125700 35.2852
125800 35.191599999999994
125900 35.676700000000004
126000 35.189699999999995
126100 35.3117
126200 35.45419999999999
126300 35.62520000000001
126400 35.617599999999996
126500 35.469100000000005
126600 35.39769999999999
126700 35.60080000000001
126800 35.6482
126900 35.71359999999999
127000 35.7716
127100 35.915
127200 35.8332
127300 36.12879999999999
127400 36.1111
127500 36.236999999999995
127600 36.369499999999995
127700 36.5417
127800 36.1922
127900 36.4301
128000 36.61489999999999
128100 36.451699999999995
128200 36.74869999999999
128300 36.3454
128400 36.4701
128500 36.469300000000004
128600 36.4517
128700 36.80379999999999
128800 36.48409999999999
128900 36.6791
129000 36.09630000000001
129100 36.3439
129200 36.7146
129300 36.4008
129400 36.475100000000005
129500 36.56379999999999
129600 36.7836
129700 36.51670000000001
129800 36.5191
129900 36.63309999999999
130000 36.9958
130100 37.14719999999999
130200 37.2106
130300 36.66049999999999
130400 36.950399999999995
130500 36.952200000000005
130600 37.126099999999994
130700 36.9413
130800 37.293000000000006
130900 37.262100000000004
131000 37.30669999999999
131100 37.38949999999999
131200 37.4103
131300 37.31
131400 37.50919999999999
131500 37.116600000000005
131600 37.596700000000006
131700 37.6785
131800 37.6154
131900 37.7064
132000 37.6956
132100 37.55459999999999
132200 37.317699999999995
132300 37.489399999999996
132400 37.66479999999999
132500 37.6422
132600 37.8409
132700 37.648300000000006
132800 37.8892
132900 37.98579999999999
133000 38.3236
133100 38.26969999999999
133200 38.1198
133300 37.9463
133400 38.5486
133500 38.1569
133600 38.357600000000005
133700 38.299699999999994
133800 38.359300000000005
133900 38.0398
134000 38.207100000000004
134100 38.29959999999999
134200 38.5021
134300 38.57189999999999
134400 38.5054
134500 38.38089999999999
134600 38.4489
134700 38.4413
134800 38.4547
134900 38.6585
135000 38.58829999999999
135100 38.536899999999996
135200 38.8734
135300 38.6178
135400 38.729099999999995
135500 38.602599999999995
135600 38.74569999999999
135700 38.606399999999994
135800 38.91689999999999
135900 39.133599999999994
136000 39.03529999999999
136100 39.052299999999995
136200 39.17229999999999
136300 39.120599999999996
136400 39.455099999999995
136500 39.208999999999996
136600 39.48609999999999
136700 39.2412
136800 39.2283
136900 39.2961
137000 39.480500000000006
137100 39.281
137200 39.456
137300 39.4688
137400 39.531699999999994
137500 39.367900000000006
137600 38.976299999999995
137700 39.7232
137800 39.442699999999995
137900 38.899899999999995
138000 39.680899999999994
138100 39.14829999999999
138200 39.640100000000004
138300 39.734300000000005
138400 39.273199999999996
138500 39.85909999999999
138600 39.768100000000004
138700 39.5383
138800 39.42979999999999
138900 39.733399999999996
139000 39.8788
139100 39.6874
139200 39.58
139300 39.7149
139400 39.586299999999994
139500 39.4649
139600 39.6029
139700 39.4238
139800 39.7522
139900 39.80799999999999
140000 40.2674
140100 39.715
140200 39.71280000000001
140300 39.700900000000004
140400 40.2076
140500 39.94500000000001
140600 39.894499999999994
140700 40.05669999999999
140800 39.94489999999999
140900 40.1882
141000 40.23169999999999
141100 39.9487
141200 40.104699999999994
141300 40.2681
141400 39.9435
141500 40.2671
141600 40.446999999999996
141700 40.13739999999999
141800 40.3943
141900 40.4353
142000 40.6554
142100 40.811899999999994
142200 40.8717
142300 41.011900000000004
142400 40.76229999999999
142500 41.013600000000004
142600 41.251599999999996
142700 41.1616
142800 40.9387
142900 41.31869999999999
143000 40.9367
143100 41.064499999999995
143200 41.082699999999996
143300 41.2919
143400 40.9817
143500 41.02289999999999
143600 41.4033
143700 40.837700000000005
143800 40.8127
143900 41.203799999999994
144000 41.29379999999999
144100 41.0969
144200 41.260400000000004
144300 41.020199999999996
144400 41.18849999999999
144500 41.4455
144600 41.4241
144700 41.477000000000004
144800 41.217099999999995
144900 41.5976
145000 41.324400000000004
145100 41.769499999999994
145200 41.6426
145300 41.55299999999999
145400 41.490399999999994
145500 41.83729999999999
145600 41.620599999999996
145700 41.836800000000004
145800 41.59519999999999
145900 41.6411
146000 41.84
146100 42.081199999999995
146200 42.16589999999999
146300 42.185100000000006
146400 42.4271
146500 42.4965
146600 42.44539999999999
146700 42.50759999999999
146800 42.396300000000004
146900 42.429899999999996
147000 42.3329
147100 42.4019
147200 42.632400000000004
147300 42.508599999999994
147400 42.693400000000004
147500 42.7137
147600 42.6645
147700 42.8455
147800 42.84309999999999
147900 43.0134
148000 43.044799999999995
148100 43.1344
148200 42.8881
148300 42.908699999999996
148400 43.0435
148500 42.8225
148600 43.10199999999999
148700 43.10399999999999
148800 42.7863
148900 43.02609999999999
149000 42.68449999999999
149100 42.491800000000005
149200 42.807700000000004
149300 43.03709999999999
149400 42.6935
149500 43.05179999999999
149600 42.53920000000001
149700 42.867599999999996
149800 42.8585
149900 43.1674
150000 42.6086
150100 42.736799999999995
150200 42.77250000000001
150300 42.56689999999999
150400 42.560199999999995
150500 42.8931
150600 42.84709999999999
150700 42.747699999999995
150800 43.03530000000001
150900 42.9008
151000 43.1192
151100 43.1309
151200 43.4212
151300 43.5676
151400 43.404199999999996
151500 43.36899999999999
151600 43.56360000000001
151700 43.53529999999999
151800 43.5438
151900 43.674099999999996
152000 43.527899999999995
152100 43.822399999999995
152200 43.6446
152300 43.81449999999999
152400 43.8563
152500 44.0407
152600 43.8607
152700 44.1686
152800 44.0083
152900 44.2396
153000 44.0547
153100 44.175900000000006
153200 43.904999999999994
153300 44.098099999999995
153400 44.1351
153500 44.2416
153600 44.229299999999995
153700 44.174800000000005
153800 44.251799999999996
153900 44.106100000000005
154000 44.47189999999999
154100 44.0374
154200 44.459599999999995
154300 44.248799999999996
154400 44.27929999999999
154500 44.4858
154600 44.27389999999999
154700 44.427699999999994
154800 44.46229999999999
154900 44.6665
155000 44.44839999999999
155100 44.69389999999999
155200 44.5456
155300 44.5119
155400 44.7804
155500 44.708099999999995
155600 44.543299999999995
155700 44.6653
155800 44.5884
155900 44.833299999999994
156000 44.90880000000001
156100 44.8665
156200 44.959199999999996
156300 44.977399999999996
156400 45.081199999999995
156500 44.9944
156600 44.90919999999999
156700 44.9015
156800 45.12839999999999
156900 45.22579999999999
157000 45.2156
157100 45.1852
157200 45.0126
157300 45.3152
157400 45.33409999999999
157500 45.20139999999999
157600 45.7297
157700 45.83269999999999
157800 45.3533
157900 45.7768
158000 45.69169999999999
158100 45.8777
158200 45.80970000000001
158300 45.7849
158400 45.7468
158500 45.9933
158600 45.73159999999999
158700 45.5619
158800 46.014700000000005
158900 45.9165
159000 45.79149999999999
159100 46.275800000000004
159200 46.135799999999996
159300 45.979499999999994
159400 46.0394
159500 46.136599999999994
159600 46.2493
159700 45.9959
159800 46.038199999999996
159900 46.2599
160000 46.1196
160100 46.422799999999995
