10100 0.0
10200 -0.12239999999999185
10300 0.17450000000000188
10400 -0.13989999999999014
10500 0.07280000000000086
10600 0.05680000000000973
10700 0.1874000000000109
10800 0.11470000000000624
10900 -0.08459999999998757
11000 0.01940000000001163
11100 0.0998999999999981
11200 0.0072000000000116415
11300 -0.017299999999991655
11400 0.155300000000004
11500 -0.08379999999998944
11600 -0.07049999999998846
11700 -0.08859999999999246
11800 0.1717000000000155
11900 0.03680000000001371
12000 -0.03609999999999047
12100 0.25550000000000495
12200 -0.025199999999998113
12300 0.2763000000000133
12400 0.02410000000000423
12500 0.43880000000000763
12600 0.22750000000001336
12700 0.10190000000000765
12800 0.0899000000000143
12900 0.12460000000001514
13000 0.07060000000000599
13100 0.28580000000001604
13200 -0.08089999999999264
13300 0.29769999999999897
13400 0.19700000000000983
13500 0.00650000000000972
13600 0.17800000000000438
13700 0.06440000000001334
13800 0.06020000000000891
13900 0.035700000000005616
14000 0.13630000000000564
14100 0.09790000000001697
14200 0.16370000000001284
14300 0.21120000000000516
14400 0.15810000000001168
14500 0.11189999999999856
14600 0.1262000000000043
14700 0.2108000000000132
14800 0.10010000000000474
14900 0.05730000000001212
15000 0.3476000000000141
15100 0.1355000000000075
15200 0.11650000000000915
15300 0.2318000000000069
15400 0.29280000000001394
15500 0.3120000000000118
15600 0.3089000000000084
15700 0.45240000000001146
15800 0.2968000000000117
15900 0.3994
16000 0.3126000000000104
16100 0.40560000000001395
16200 0.5708000000000055
16300 0.5731000000000037
16400 0.6484000000000165
16500 0.6151000000000124
16600 0.4999000000000038
16700 0.589100000000002
16800 0.38410000000000366
16900 0.6016000000000048
17000 0.5675000000000097
17100 0.6592000000000056
17200 0.5886000000000138
17300 0.6099000000000103
17400 0.6235000000000142
17500 0.6080000000000041
17600 0.6027000000000129
17700 0.5189000000000092
17800 0.5067000000000021
17900 0.7207000000000079
18000 0.6987000000000094
18100 0.646400000000007
18200 0.48510000000000275
18300 0.7786000000000115
18400 0.5427000000000035
18500 0.6442000000000121
18600 0.7161000000000115
18700 0.6371000000000038
18800 0.7017000000000095
18900 0.7322000000000131
19000 0.6444000000000045
19100 0.690400000000011
19200 0.7556000000000154
19300 0.9355000000000047
19400 0.7184000000000097
19500 0.7969000000000008
19600 0.6503000000000014
19700 0.5750000000000028
19800 0.5326000000000022
19900 0.5828000000000131
20000 0.6181000000000054
20100 0.8116000000000128
20200 0.5333000000000041
20300 0.5725000000000051
20400 0.6066000000000003
20500 0.8330000000000055
20600 0.7211000000000141
20700 0.6539000000000144
20800 0.3761000000000081
20900 0.741100000000003
21000 0.8073000000000121
21100 0.8834000000000088
21200 0.723700000000008
21300 1.0127000000000024
21400 0.7140000000000128
21500 0.7228000000000065
21600 0.6729000000000127
21700 0.5885000000000034
21800 0.8710000000000022
21900 0.7981000000000122
22000 0.7857000000000056
22100 0.7779000000000025
22200 0.7069000000000045
22300 0.5554000000000059
22400 0.6666000000000025
22500 0.8585000000000065
22600 0.7223000000000113
22700 0.8147000000000091
22800 0.7136000000000067
22900 0.7669000000000068
23000 0.71370000000001
23100 0.9304000000000059
23200 0.8285000000000124
23300 0.848700000000008
23400 0.8271000000000157
23500 0.698200000000007
23600 0.8961000000000041
23700 0.7602000000000046
23800 0.6540000000000106
23900 0.9054000000000144
24000 0.6308000000000078
24100 0.8237000000000094
24200 0.804700000000004
24300 0.8033000000000072
24400 0.8359000000000094
24500 0.8627000000000109
24600 0.8930000000000149
24700 0.6548000000000087
24800 0.8002000000000038
24900 0.7473000000000098
25000 0.9042000000000101
25100 0.818000000000005
25200 0.9350000000000094
25300 0.7361000000000075
25400 0.8648000000000025
25500 0.9147000000000034
25600 0.8050000000000068
25700 1.0089000000000112
25800 1.0346000000000046
25900 0.9376000000000033
26000 0.8731000000000151
26100 0.8504000000000005
26200 0.6880999999999986
26300 0.6850000000000094
26400 0.9166000000000025
26500 0.848700000000008
26600 0.894500000000015
26700 0.8256000000000157
26800 0.7715000000000032
26900 0.7593000000000103
27000 1.0138000000000034
27100 1.0840999999999994
27200 0.7837000000000103
27300 1.009200000000014
27400 0.719300000000004
27500 0.9636000000000138
27600 1.005100000000013
27700 0.9238000000000071
27800 1.0986000000000047
27900 0.8776000000000153
28000 0.9757000000000033
28100 0.9424000000000063
28200 0.8568000000000069
28300 0.6986000000000061
28400 0.9992000000000161
28500 0.7954000000000079
28600 1.1271000000000129
28700 1.00180000000001
28800 1.0719000000000136
28900 0.7742000000000075
29000 0.8353000000000037
29100 0.7672000000000168
29200 1.0105000000000075
29300 1.1581000000000117
29400 0.8184000000000111
29500 0.9374000000000109
29600 0.8655000000000044
29700 0.875700000000009
29800 0.9727000000000103
29900 1.0843000000000131
30000 0.9258000000000095
30100 0.9485000000000028
30200 0.909000000000006
30300 1.0989000000000075
30400 0.9132000000000033
30500 0.9939000000000036
30600 1.1333000000000126
30700 0.7919000000000054
30800 0.8274000000000115
30900 0.8399000000000001
31000 1.2098000000000013
31100 0.9673000000000016
31200 1.2923000000000044
31300 0.8610000000000042
31400 0.9595000000000056
31500 1.0021000000000058
31600 1.1415999999999968
31700 0.8278000000000105
31800 1.1328000000000173
31900 0.8693000000000097
32000 0.9812000000000012
32100 0.8127000000000137
32200 1.2893000000000043
32300 0.9628000000000085
32400 0.9792000000000058
32500 0.9707000000000079
32600 0.7955000000000041
32700 1.0560000000000045
32800 1.2090000000000103
32900 0.918200000000013
33000 1.1058000000000021
33100 1.0009000000000086
33200 0.9550000000000054
33300 0.7635000000000076
33400 0.9752000000000081
33500 1.0919000000000096
33600 1.1709000000000032
33700 1.009200000000014
33800 1.057300000000005
33900 1.0485000000000113
34000 0.9163000000000139
34100 1.3663000000000167
34200 0.7845000000000013
34300 0.8277000000000072
34400 1.2226
34500 1.0676000000000059
34600 1.1133000000000166
34700 1.072100000000006
34800 0.7011000000000109
34900 0.7078000000000131
35000 0.5959000000000145
35100 0.8397000000000148
35200 0.8649000000000129
35300 0.8544000000000125
35400 0.8108000000000004
35500 0.8310999999999993
35600 0.755500000000012
35700 0.8687000000000111
35800 0.8337000000000074
35900 1.1097000000000108
36000 0.9585000000000008
36100 1.127600000000001
36200 1.0416000000000167
36300 1.0212000000000074
36400 1.1869000000000085
36500 0.9643000000000086
36600 1.232599999999998
36700 1.294700000000006
36800 1.1297000000000068
36900 0.9202000000000012
37000 0.9381000000000128
37100 0.8359000000000023
37200 0.8602000000000061
37300 1.008100000000006
37400 1.0211000000000112
37500 0.7356000000000122
37600 0.9549000000000021
37700 0.8870000000000076
37800 1.0612000000000066
37900 0.8640000000000114
38000 0.9838999999999984
38100 0.8654000000000011
38200 0.8788000000000054
38300 0.7974000000000103
38400 0.8211000000000084
38500 0.908600000000007
38600 0.8319000000000116
38700 1.0124000000000137
38800 1.2186000000000021
38900 0.9969000000000108
39000 0.9344000000000108
39100 1.1461000000000041
39200 1.0301000000000116
39300 0.9566999999999979
39400 1.2202000000000126
39500 0.9325000000000045
39600 0.9743000000000137
39700 0.9700000000000131
39800 0.9019000000000119
39900 1.154900000000005
40000 1.1720000000000041
40100 0.9284999999999997
40200 1.2783000000000087
40300 0.8371000000000066
40400 0.9121999999999986
40500 0.7915000000000134
40600 0.9524000000000115
40700 0.9977000000000018
40800 0.9762000000000057
40900 1.0910000000000082
41000 0.8449000000000169
41100 1.1107000000000156
41200 0.8595000000000113
41300 1.0882000000000005
41400 1.091600000000014
41500 1.228200000000001
41600 0.9923000000000073
41700 1.0930000000000035
41800 1.0653000000000006
41900 1.249200000000016
42000 1.3033000000000072
42100 1.1648000000000067
42200 1.162300000000009
42300 0.9702000000000055
42400 0.9999000000000038
42500 1.0286000000000115
42600 1.2926000000000144
42700 0.9660000000000082
42800 1.2535000000000025
42900 1.120100000000015
43000 1.0891999999999982
43100 1.2852000000000103
43200 1.1525000000000034
43300 1.1227000000000018
43400 1.0709000000000017
43500 1.0533000000000001
43600 1.0951000000000093
43700 1.038000000000011
43800 1.1685000000000159
43900 1.2793000000000134
44000 1.002900000000011
44100 1.1318000000000126
44200 1.0398000000000067
44300 1.1879000000000062
44400 1.2911000000000072
44500 1.026600000000002
44600 1.144900000000007
44700 1.2314000000000078
44800 1.2473000000000027
44900 1.1829000000000107
45000 1.4030000000000058
45100 1.298400000000015
45200 1.0964000000000098
45300 1.1385000000000147
45400 1.4683000000000064
45500 1.3663000000000025
45600 1.3527000000000058
45700 1.1233000000000146
45800 1.0696000000000083
45900 1.032500000000006
46000 1.1685000000000088
46100 1.1894000000000062
46200 1.1889000000000038
46300 1.0578000000000074
46400 0.9956000000000103
46500 0.9398000000000053
46600 1.0864000000000047
46700 1.3621000000000123
46800 1.1093000000000046
46900 1.335000000000008
47000 1.1397000000000048
47100 1.116500000000002
47200 1.4209000000000103
47300 1.3205000000000098
47400 1.3360000000000056
47500 1.0159000000000091
47600 1.056100000000015
47700 0.8971000000000018
47800 1.049900000000008
47900 1.5148000000000081
48000 1.011499999999998
48100 1.1211000000000126
48200 1.3991000000000113
48300 1.4542000000000073
48400 1.2796000000000092
48500 1.1636000000000024
48600 0.981500000000004
48700 1.150800000000011
48800 1.2364000000000033
48900 1.4148000000000067
49000 1.4753000000000043
49100 1.401600000000009
49200 1.3662000000000134
49300 1.5176000000000087
49400 1.3264000000000067
49500 1.4975000000000094
49600 1.4865000000000066
49700 1.3966000000000136
49800 1.4091000000000022
49900 1.3425000000000011
50000 1.279200000000003
50100 1.0816000000000159
50200 1.286200000000008
50300 1.2830000000000013
50400 1.4236000000000004
50500 1.4717000000000127
50600 1.3275000000000148
50700 1.3336000000000041
50800 1.2519000000000062
50900 1.0870000000000033
51000 1.3288000000000153
51100 1.3170000000000002
51200 1.23960000000001
51300 1.295100000000005
51400 1.3338999999999999
51500 1.3798000000000172
51600 1.3436999999999983
51700 1.4028000000000134
51800 1.4327000000000112
51900 1.400100000000009
52000 1.5992000000000033
52100 1.4671000000000163
52200 1.6103999999999985
52300 1.5435000000000159
52400 1.317600000000013
52500 1.3534000000000006
52600 1.3109000000000108
52700 1.2554000000000158
52800 1.4047000000000054
52900 1.3156000000000105
53000 1.3072000000000088
53100 1.3062000000000111
53200 1.2995000000000019
53300 1.3785000000000096
53400 1.6151000000000053
53500 1.6189000000000036
53600 1.7538000000000054
53700 1.4549000000000163
53800 1.5094000000000136
53900 1.435299999999998
54000 1.4839000000000055
54100 1.6135000000000161
54200 1.659000000000006
54300 1.8013000000000048
54400 1.8628000000000071
54500 1.9342000000000112
54600 1.6994000000000113
54700 1.997700000000009
54800 2.0430000000000064
54900 2.0963000000000136
55000 1.901600000000009
55100 1.8967000000000027
55200 2.0523000000000096
55300 1.8674000000000035
55400 1.9138000000000162
55500 1.666000000000011
55600 1.7907000000000082
55700 1.6185000000000045
55800 1.7964000000000055
55900 1.8384000000000071
56000 1.8588999999999984
56100 1.8770000000000167
56200 1.9225000000000136
56300 1.5901000000000067
56400 1.7965000000000089
56500 1.652700000000003
56600 1.7328000000000046
56700 1.7567000000000093
56800 1.8875000000000028
56900 1.568800000000003
57000 1.7629000000000161
57100 1.6955000000000098
57200 1.7187000000000054
57300 1.83720000000001
57400 1.7663000000000153
57500 1.5723000000000056
57600 1.9066000000000116
57700 1.7025000000000006
57800 1.79140000000001
57900 1.7662000000000049
58000 1.8204000000000065
58100 1.7539000000000016
58200 1.6306000000000083
58300 1.7179000000000073
58400 1.8833000000000055
58500 1.8811000000000035
58600 1.7483000000000075
58700 2.0045000000000073
58800 1.715900000000012
58900 1.7039000000000115
59000 1.6420000000000172
59100 1.8174000000000063
59200 1.8057000000000087
59300 1.5661000000000058
59400 1.8896000000000086
59500 1.7305000000000064
59600 1.7482000000000113
59700 1.7387000000000086
59800 1.64050000000001
59900 1.9224000000000103
60000 1.916000000000004
60100 1.7447000000000017
60200 1.9037000000000077
60300 1.9363000000000028
60400 1.6771999999999991
60500 1.9937000000000111
60600 1.9453000000000031
60700 1.694900000000004
60800 2.035000000000011
60900 1.8669000000000153
61000 1.9628000000000014
61100 1.8186000000000035
61200 2.0915000000000035
61300 1.716600000000014
61400 1.9843000000000117
61500 1.8933000000000106
61600 1.8174000000000134
61700 1.7868000000000137
61800 1.8733000000000146
61900 1.8145000000000095
62000 1.8787000000000091
62100 1.9222000000000108
62200 1.9118000000000137
62300 1.9161000000000001
62400 2.00180000000001
62500 1.6204000000000036
62600 1.9287000000000134
62700 2.029900000000005
62800 1.731100000000012
62900 1.8815000000000097
63000 1.9105000000000132
63100 1.579400000000014
63200 2.0526000000000053
63300 1.9925000000000068
63400 1.8459000000000074
63500 2.0789000000000115
63600 1.834300000000006
63700 1.8644000000000105
63800 1.9521000000000086
63900 1.9236000000000075
64000 2.0545000000000044
64100 1.7383000000000095
64200 2.0822000000000003
64300 1.8996000000000137
64400 2.100500000000011
64500 2.0068000000000055
64600 2.0853000000000037
64700 2.0515000000000043
64800 1.8412000000000077
64900 2.112700000000011
65000 1.899400000000007
65100 1.9853000000000094
65200 2.0930999999999997
65300 1.910100000000007
65400 2.0324000000000026
65500 2.0176000000000016
65600 2.074000000000005
65700 2.053500000000014
65800 2.262200000000007
65900 1.9211000000000027
66000 2.3807000000000116
66100 2.050900000000013
66200 2.0705000000000098
66300 2.1355000000000075
66400 2.2886000000000095
66500 2.103100000000005
66600 2.257000000000012
66700 2.0968000000000018
66800 2.002200000000002
66900 2.544700000000013
67000 2.191900000000004
67100 2.56430000000001
67200 2.7058000000000106
67300 2.4296000000000078
67400 2.994700000000009
67500 3.0664000000000087
67600 3.1799000000000035
67700 3.8666000000000054
67800 3.8706000000000103
67900 4.130600000000008
68000 4.401500000000006
68100 4.532600000000009
68200 4.926000000000009
68300 5.342900000000007
68400 5.782500000000006
68500 5.876900000000006
68600 6.576800000000013
68700 6.904800000000009
68800 7.401700000000005
68900 7.691600000000008
69000 8.711700000000015
69100 8.645000000000003
69200 9.052200000000013
69300 9.1511
69400 9.60670000000001
69500 9.80660000000001
69600 10.225000000000009
69700 10.333100000000009
69800 10.545100000000012
69900 11.083600000000011
70000 11.504000000000005
70100 11.479500000000009
70200 11.456400000000002
70300 12.188299999999998
70400 11.816700000000012
70500 12.147300000000001
70600 12.078100000000006
70700 12.37830000000001
70800 12.945300000000003
70900 12.442700000000002
71000 12.908800000000014
71100 12.990400000000008
71200 12.766700000000014
71300 13.231400000000008
71400 13.221200000000003
71500 13.2802
71600 13.001100000000001
71700 13.76550000000001
71800 13.617000000000004
71900 13.797500000000007
72000 14.100100000000005
72100 14.5638
72200 14.606400000000008
72300 15.097100000000005
72400 15.426600000000008
72500 15.24450000000001
72600 15.938299999999998
72700 15.878700000000002
72800 16.302500000000002
72900 16.1064
73000 16.506900000000016
73100 16.690800000000017
73200 16.759700000000002
73300 17.044300000000007
73400 16.862800000000007
73500 17.3968
73600 17.15250000000001
73700 17.307800000000015
73800 17.389200000000002
73900 17.521000000000008
74000 17.223000000000006
74100 17.57740000000001
74200 17.81840000000001
74300 17.869400000000013
74400 17.727500000000006
74500 17.716100000000004
74600 17.58010000000001
74700 17.737100000000005
74800 17.65360000000001
74900 17.699300000000008
75000 17.677800000000005
75100 17.9606
75200 17.865500000000004
75300 18.0454
75400 17.603
75500 17.825500000000005
75600 17.643
75700 17.680500000000002
75800 17.69210000000001
75900 17.878400000000006
76000 17.7539
76100 17.8521
76200 18.373800000000017
76300 18.081000000000003
76400 18.44140000000001
76500 18.436500000000017
76600 18.670300000000005
76700 18.764400000000002
76800 19.1926
76900 19.148400000000002
77000 19.384600000000006
77100 19.530700000000017
77200 19.46330000000001
77300 19.548300000000012
77400 19.482800000000005
77500 19.863600000000005
77600 19.648899999999998
77700 19.84110000000001
77800 19.686000000000007
77900 19.819100000000006
78000 19.89160000000001
78100 19.569400000000016
78200 19.8883
78300 19.92880000000001
78400 19.768000000000015
78500 19.517700000000005
78600 19.826000000000015
78700 19.639700000000005
78800 19.574200000000012
78900 19.704900000000002
79000 19.555100000000003
79100 19.860200000000006
79200 19.735800000000012
79300 20.02380000000001
79400 19.942600000000013
79500 19.873800000000003
79600 20.44420000000001
79700 20.020000000000003
79800 20.105500000000006
79900 20.087900000000005
80000 20.285200000000017
80100 20.197100000000006
80200 20.14990000000001
80300 20.3791
80400 20.469900000000003
80500 20.267100000000013
80600 20.36840000000001
80700 20.14860000000001
80800 20.4148
80900 20.400800000000004
81000 20.76010000000001
81100 20.59490000000001
81200 20.634700000000002
81300 20.592399999999998
81400 20.51290000000001
81500 20.854300000000002
81600 20.831900000000005
81700 20.847600000000007
81800 20.682700000000004
81900 20.949300000000008
82000 21.209300000000006
82100 21.075400000000016
82200 21.298400000000008
82300 21.196400000000004
82400 21.126900000000006
82500 20.899000000000008
82600 20.761800000000008
82700 20.745300000000015
82800 20.864600000000003
82900 20.789300000000004
83000 20.91850000000001
83100 20.421400000000006
83200 20.450500000000005
83300 20.849500000000006
83400 20.6006
83500 20.62530000000001
83600 20.888400000000004
83700 20.99470000000001
83800 20.92600000000001
83900 20.970000000000013
84000 21.000999999999998
84100 20.91580000000001
84200 20.666900000000012
84300 20.928000000000004
84400 20.820400000000006
84500 21.174500000000002
84600 20.89610000000001
84700 20.9677
84800 21.339000000000013
84900 21.041300000000007
85000 21.108300000000014
85100 21.360599999999998
85200 21.264100000000013
85300 21.4835
85400 21.306000000000004
85500 21.470000000000006
85600 21.394900000000007
85700 22.05890000000001
85800 21.683800000000012
85900 22.050700000000006
86000 21.762800000000006
86100 21.976900000000015
86200 22.315700000000014
86300 21.97720000000001
86400 22.289200000000008
86500 22.117700000000006
86600 22.594
86700 22.186
86800 22.545600000000007
86900 22.52080000000001
87000 22.81300000000001
87100 22.7166
87200 22.7806
87300 22.509
87400 22.70750000000001
87500 22.556900000000006
87600 22.427
87700 22.697000000000003
87800 22.537900000000008
87900 22.949000000000005
88000 22.74820000000001
88100 22.377300000000005
88200 22.831100000000006
88300 22.271000000000008
88400 22.763200000000012
88500 22.45020000000001
88600 22.486900000000006
88700 22.443400000000004
88800 22.521600000000007
88900 22.263500000000008
89000 22.531100000000016
89100 22.45710000000001
89200 22.399900000000002
89300 22.369100000000003
89400 22.91150000000001
89500 22.924800000000005
89600 22.818600000000004
89700 22.727500000000006
89800 22.7855
89900 22.75350000000001
90000 23.078700000000005
90100 22.854200000000006
90200 22.95490000000001
90300 22.851300000000016
90400 23.18400000000001
90500 22.990300000000005
90600 23.085700000000017
90700 23.1984
90800 23.08910000000001
90900 23.2299
91000 23.514400000000002
91100 23.37980000000001
91200 23.434100000000008
91300 23.447400000000002
91400 23.24110000000001
91500 23.582800000000013
91600 23.373400000000004
91700 23.662400000000012
91800 23.31190000000001
91900 23.974500000000006
92000 23.81940000000001
92100 23.466400000000014
92200 23.599800000000016
92300 24.015500000000017
92400 24.0302
92500 23.715100000000014
92600 24.053700000000013
92700 23.90360000000001
92800 24.015100000000004
92900 23.831100000000013
93000 24.02280000000001
93100 23.625300000000003
93200 24.204200000000007
93300 23.973300000000016
93400 24.094700000000003
93500 23.806000000000004
93600 24.167100000000012
93700 24.471700000000006
93800 23.95040000000001
93900 24.317100000000003
94000 24.153600000000004
94100 24.386200000000017
94200 24.233900000000013
94300 24.346500000000013
94400 24.481800000000007
94500 24.26790000000001
94600 24.359100000000012
94700 24.147300000000016
94800 24.538900000000005
94900 24.432000000000002
95000 24.856500000000004
95100 24.673000000000002
95200 24.53800000000001
95300 24.578200000000002
95400 24.609900000000003
95500 24.8823
95600 24.668100000000003
95700 24.909800000000004
95800 24.644900000000007
95900 24.820100000000004
96000 25.076900000000002
96100 25.037100000000002
96200 24.921000000000006
96300 25.395500000000013
96400 25.1158
96500 25.28930000000001
96600 25.05720000000001
96700 25.4486
96800 24.97210000000001
96900 25.288500000000013
97000 25.30640000000001
97100 25.345600000000005
97200 25.210000000000008
97300 25.65780000000001
97400 25.586200000000005
97500 25.163500000000006
97600 25.400300000000016
97700 25.527600000000007
97800 25.40270000000001
97900 25.313000000000002
98000 25.394600000000004
98100 25.805900000000015
98200 25.602500000000013
98300 25.55750000000001
98400 25.713700000000003
98500 25.65010000000001
98600 25.929300000000012
98700 25.930200000000006
98800 26.101500000000016
98900 25.865700000000004
99000 26.029100000000014
99100 25.997800000000012
99200 25.912200000000006
99300 25.84730000000001
99400 25.965100000000014
99500 25.894800000000004
99600 26.157200000000003
99700 26.12060000000001
99800 26.220700000000008
99900 25.800400000000003
100000 26.38220000000001
100100 26.419500000000014
100200 26.347400000000007
100300 26.558800000000012
100400 26.259000000000015
100500 26.560400000000016
100600 26.308100000000003
100700 26.38040000000001
100800 26.564400000000006
100900 26.739500000000014
101000 26.441300000000005
101100 26.515300000000003
101200 26.492300000000007
101300 26.748300000000008
101400 26.77900000000001
101500 26.721900000000005
101600 26.9619
101700 26.83490000000001
101800 26.665900000000015
101900 27.2235
102000 26.782700000000013
102100 27.045400000000008
102200 26.94660000000001
102300 27.1899
102400 26.84810000000001
102500 27.217400000000012
102600 26.775400000000012
102700 27.236500000000007
102800 27.14460000000001
102900 27.319300000000005
103000 27.251300000000008
103100 27.37890000000001
103200 27.344300000000004
103300 27.349500000000013
103400 27.181900000000013
103500 27.49710000000001
103600 27.303800000000003
103700 27.31150000000001
103800 27.419900000000005
103900 27.326400000000014
104000 27.520700000000005
104100 27.240500000000004
104200 27.3622
104300 27.339800000000004
104400 27.528400000000005
104500 27.420200000000015
104600 27.77770000000001
104700 27.21280000000001
104800 27.516000000000005
104900 27.807600000000008
105000 27.521100000000004
105100 27.927900000000015
105200 27.887000000000008
105300 27.778800000000004
105400 27.781100000000002
105500 28.0726
105600 27.678400000000003
105700 28.1434
105800 27.972700000000003
105900 28.179100000000005
106000 28.114600000000003
106100 28.490300000000012
106200 28.520000000000003
106300 28.251700000000014
106400 28.157899999999998
106500 28.032300000000006
106600 28.389100000000006
106700 28.21970000000001
106800 28.151500000000006
106900 28.193900000000006
107000 28.38660000000001
107100 28.718500000000006
107200 28.741600000000012
107300 28.3478
107400 28.3071
107500 28.9065
107600 28.813000000000002
107700 28.693800000000003
107800 28.771100000000004
107900 28.565900000000013
108000 28.644100000000016
108100 28.748000000000005
108200 28.833200000000005
108300 28.47120000000001
108400 28.785800000000002
108500 28.972
108600 28.978200000000015
108700 28.93990000000001
108800 29.09040000000001
108900 28.99410000000001
109000 29.36160000000001
109100 28.895500000000013
109200 28.951400000000014
109300 29.1717
109400 29.000600000000006
109500 29.36290000000001
109600 29.332500000000003
109700 29.3071
109800 29.330000000000005
109900 28.974100000000007
110000 29.304300000000005
110100 29.2275
110200 29.473000000000006
110300 29.210000000000008
110400 29.517700000000012
110500 29.24000000000001
110600 29.529900000000012
110700 29.828700000000005
110800 29.586500000000008
110900 29.761000000000003
111000 29.58680000000001
111100 29.844600000000007
111200 29.742300000000007
111300 29.881700000000016
111400 29.792100000000012
111500 29.898700000000005
111600 29.982200000000006
111700 30.07440000000001
111800 30.090700000000012
111900 29.781800000000004
112000 29.837300000000013
112100 29.976400000000012
112200 30.240000000000002
112300 29.97700000000001
112400 30.216900000000003
112500 29.7134
112600 30.230900000000013
112700 30.323700000000017
112800 30.23980000000001
112900 30.147400000000005
113000 30.328300000000013
113100 30.455200000000005
113200 30.152700000000003
113300 30.557700000000004
113400 29.9996
113500 30.259400000000007
113600 30.24170000000001
113700 30.753800000000005
113800 30.354200000000006
113900 30.60730000000001
114000 30.6456
114100 30.385900000000014
114200 30.62420000000001
114300 30.56520000000001
114400 30.6614
114500 30.705600000000004
114600 30.739400000000018
114700 31.188700000000004
114800 30.975500000000004
114900 31.232900000000008
115000 30.605500000000006
115100 31.08290000000001
115200 31.076400000000007
115300 30.936400000000013
115400 30.99000000000001
115500 31.1836
115600 31.241500000000002
115700 31.01740000000001
115800 31.453400000000002
115900 31.323700000000002
116000 31.150500000000008
116100 31.125600000000013
116200 31.41960000000001
116300 31.322200000000002
116400 31.360000000000007
116500 31.295100000000005
116600 31.320300000000003
116700 31.581300000000013
116800 31.381500000000003
116900 31.356800000000014
117000 31.4099
117100 31.675800000000017
117200 31.754500000000014
117300 31.56540000000001
117400 31.515000000000008
117500 31.987200000000016
117600 31.827700000000014
117700 31.699500000000008
117800 31.578900000000004
117900 31.988800000000012
118000 31.5501
118100 31.567700000000002
118200 31.48700000000001
118300 32.0508
118400 31.865400000000008
118500 31.8348
118600 31.7406
118700 32.01260000000001
118800 31.938100000000013
118900 31.7316
119000 31.740700000000004
119100 32.23210000000001
119200 31.93310000000001
119300 32.361200000000004
119400 32.1541
119500 32.18440000000001
119600 32.394800000000004
119700 32.459900000000005
119800 32.53600000000001
119900 32.528000000000006
120000 32.730900000000005
120100 32.58440000000001
120200 32.557800000000015
120300 33.150200000000005
120400 32.735600000000005
120500 32.9061
120600 32.80310000000001
120700 32.9183
120800 32.8222
120900 33.05750000000001
121000 32.7961
121100 32.98570000000001
121200 33.08710000000001
121300 33.122600000000006
121400 33.20580000000001
121500 32.80570000000001
121600 33.54820000000001
121700 33.28010000000001
121800 33.2407
121900 33.634800000000006
122000 33.268100000000004
122100 33.48890000000001
122200 33.23500000000001
122300 33.711700000000015
122400 33.44990000000001
122500 33.471900000000005
122600 33.798
122700 33.561800000000005
122800 33.48290000000001
122900 33.68330000000001
123000 33.44700000000001
123100 33.64700000000001
123200 33.91460000000001
123300 33.53850000000001
123400 33.627200000000016
123500 33.631800000000005
123600 33.63840000000001
123700 33.5293
123800 33.808800000000005
123900 33.550700000000006
124000 34.3374
124100 33.95600000000001
124200 33.65520000000001
124300 33.61050000000001
124400 34.03430000000001
124500 34.22120000000001
124600 34.0054
124700 33.91070000000001
124800 34.07120000000001
124900 33.9789
125000 33.739100000000015
125100 34.25140000000001
125200 33.83860000000001
125300 33.90330000000001
125400 34.03420000000001
125500 34.109700000000004
125600 34.21730000000001
125700 34.12900000000001
125800 33.93410000000001
125900 34.25310000000001
126000 34.224700000000006
126100 34.4866
126200 34.43110000000001
126300 34.169700000000006
126400 34.46310000000001
126500 34.56230000000001
126600 34.452900000000014
126700 34.401700000000005
126800 34.21630000000001
126900 34.85060000000001
127000 34.42170000000001
127100 34.985700000000016
127200 34.61580000000001
127300 34.895900000000005
127400 34.814600000000006
127500 34.90910000000001
127600 35.114200000000004
127700 34.664500000000004
127800 35.16480000000001
127900 35.029500000000006
128000 35.0968
128100 35.484000000000016
128200 35.28200000000001
128300 35.302000000000014
128400 35.18810000000001
128500 35.619200000000006
128600 35.309400000000004
128700 35.12640000000001
128800 35.34420000000001
128900 35.13730000000001
129000 35.32070000000001
129100 35.3491
129200 35.216800000000006
129300 35.507000000000005
129400 35.541000000000004
129500 35.44710000000001
129600 35.533300000000004
129700 35.650800000000004
129800 35.663000000000004
129900 35.40980000000001
130000 35.61120000000001
130100 35.61620000000001
130200 35.82630000000001
130300 35.8074
130400 35.94210000000001
130500 35.9253
130600 35.84590000000001
130700 35.8558
130800 36.24840000000001
130900 36.2612
131000 36.259600000000006
131100 36.1537
131200 36.51520000000001
131300 36.36000000000001
131400 36.48790000000001
131500 36.27680000000001
131600 36.742700000000006
131700 36.376400000000004
131800 36.15440000000002
131900 36.673000000000016
132000 36.79400000000001
132100 36.40750000000001
132200 36.80960000000001
132300 36.9562
132400 36.76040000000001
132500 36.8864
132600 37.128400000000006
132700 37.2036
132800 37.49450000000001
132900 37.1022
133000 37.0523
133100 37.11300000000001
133200 37.3605
133300 37.37910000000001
133400 37.569800000000015
133500 37.49330000000001
133600 37.34920000000001
133700 37.43390000000001
133800 37.61950000000001
133900 37.5215
134000 37.77700000000001
134100 37.34240000000001
134200 37.6083
134300 37.53280000000001
134400 37.7002
134500 37.58890000000001
134600 37.88570000000001
134700 37.615400000000015
134800 37.6771
134900 37.608300000000014
135000 37.771300000000004
135100 37.73330000000001
135200 37.460400000000014
135300 37.85870000000001
135400 37.66090000000001
135500 37.956900000000005
135600 38.24430000000001
135700 38.1439
135800 38.25000000000001
135900 38.1921
136000 38.024800000000006
136100 38.013400000000004
136200 38.48960000000001
136300 38.31530000000001
136400 38.54880000000001
136500 38.59920000000001
136600 38.230000000000004
136700 38.2505
136800 38.795
136900 38.4502
137000 38.349100000000014
137100 38.35590000000001
137200 38.59230000000001
137300 38.29570000000001
137400 38.39630000000001
137500 38.240700000000004
137600 38.54700000000001
137700 38.276300000000006
137800 38.6357
137900 38.593300000000006
138000 38.51320000000001
138100 38.30970000000001
138200 38.536100000000005
138300 38.24450000000001
138400 38.418000000000006
138500 38.444600000000015
138600 38.681100000000015
138700 38.319100000000006
138800 38.49680000000001
138900 38.76050000000001
139000 38.52310000000001
139100 38.4611
139200 38.172700000000006
139300 38.68220000000001
139400 38.664300000000004
139500 38.41320000000001
139600 38.80060000000001
139700 38.63870000000001
139800 38.66120000000001
139900 38.593900000000005
140000 38.58510000000001
140100 38.782700000000006
140200 38.884600000000006
140300 38.8766
140400 39.13700000000001
140500 38.785900000000005
140600 39.11770000000001
140700 39.04640000000001
140800 39.19770000000001
140900 39.1822
141000 38.857600000000005
141100 39.08020000000001
141200 39.42580000000001
141300 39.4292
141400 39.50480000000001
141500 39.4485
141600 39.32180000000001
141700 39.46520000000001
141800 39.588000000000015
141900 39.8234
142000 39.8752
142100 39.68960000000001
142200 40.18160000000001
142300 40.12050000000001
142400 40.008100000000006
142500 40.09630000000001
142600 40.004400000000004
142700 40.1991
142800 40.011400000000016
142900 40.19270000000001
143000 39.89490000000001
143100 40.15610000000001
143200 40.1576
143300 39.94150000000001
143400 40.257000000000005
143500 40.16190000000001
143600 39.77210000000001
143700 40.24750000000002
143800 40.28500000000001
143900 40.185900000000004
144000 40.2364
144100 40.47500000000001
144200 40.34400000000001
144300 40.19380000000001
144400 40.39590000000001
144500 40.4988
144600 40.4369
144700 40.1775
144800 40.44690000000001
144900 40.5172
145000 40.45330000000001
145100 40.357000000000006
145200 40.5437
145300 40.455000000000005
145400 40.442200000000014
145500 40.5998
145600 40.81620000000001
145700 40.5529
145800 40.6439
145900 41.16580000000001
146000 41.034500000000016
146100 41.03990000000001
146200 41.261500000000005
146300 41.3295
146400 41.789100000000005
146500 41.3697
146600 41.48280000000001
146700 41.5537
146800 41.46050000000001
146900 41.64540000000001
147000 41.603600000000014
147100 41.6086
147200 41.929100000000005
147300 41.524300000000004
147400 41.74640000000001
147500 41.4971
147600 41.64260000000001
147700 41.868200000000016
147800 42.1437
147900 42.21070000000002
148000 41.7227
148100 41.9757
148200 42.0696
148300 42.33330000000001
148400 42.214200000000005
148500 41.85840000000001
148600 42.083800000000004
148700 42.0711
148800 41.9635
148900 41.87010000000001
149000 41.86740000000001
149100 41.92980000000001
149200 41.826
149300 41.4442
149400 41.76080000000001
149500 41.700300000000006
149600 41.80310000000001
149700 41.89150000000001
149800 41.92940000000001
149900 42.1793
150000 42.00190000000001
150100 41.7599
150200 41.87840000000001
150300 41.886500000000005
150400 41.73580000000001
150500 41.69900000000001
150600 41.8945
150700 42.06570000000001
150800 42.051
150900 42.36480000000001
151000 42.22990000000001
151100 42.23290000000001
151200 42.50570000000001
151300 42.38760000000001
151400 42.40780000000001
151500 42.5169
151600 42.4715
151700 42.7446
151800 42.31380000000001
151900 42.59020000000001
152000 42.61600000000001
152100 42.88410000000001
152200 42.930600000000005
152300 42.60830000000001
152400 43.00700000000001
152500 43.10740000000001
152600 43.060400000000016
152700 43.35710000000001
152800 43.240700000000004
152900 43.17410000000001
153000 42.91850000000001
153100 43.37460000000001
153200 42.87910000000001
153300 43.13230000000001
153400 43.3933
153500 43.17430000000001
153600 43.487
153700 43.32240000000001
153800 43.42840000000001
153900 43.43880000000001
154000 43.30360000000001
154100 43.350800000000014
154200 43.329
154300 43.368800000000014
154400 43.3487
154500 43.20370000000001
154600 43.296200000000006
154700 43.418000000000006
154800 43.479200000000006
154900 43.5553
155000 43.41050000000001
155100 43.58010000000001
155200 43.58720000000001
155300 43.91130000000001
155400 43.790800000000004
155500 43.62440000000001
155600 43.86370000000001
155700 44.060500000000005
155800 43.7265
155900 43.8861
156000 43.77050000000001
156100 44.15240000000001
156200 44.07620000000001
156300 44.18990000000001
156400 44.35250000000001
156500 44.15670000000001
156600 44.31640000000001
156700 44.3393
156800 44.566500000000005
156900 44.506
157000 44.61590000000001
157100 44.50590000000001
157200 44.579800000000006
157300 44.309000000000005
157400 44.78430000000001
157500 44.77850000000001
157600 44.70560000000001
157700 44.96110000000001
157800 44.63370000000001
157900 44.88370000000001
158000 44.9356
158100 45.09340000000001
158200 45.2704
158300 45.067900000000016
158400 45.249900000000004
158500 44.87490000000001
158600 45.032900000000005
158700 44.997
158800 45.133300000000006
158900 45.1138
159000 45.18530000000001
159100 45.27300000000001
159200 45.213400000000014
159300 45.37570000000001
159400 45.236700000000006
159500 45.19700000000001
159600 45.45060000000001
159700 45.390200000000014
159800 45.28940000000001
159900 45.6532
160000 45.83360000000001
160100 45.272900000000014
