# Time-averaged data for fix stress_1
# TimeStep v_sigmayy_1
10200 0.584555
10300 1.08791
10400 1.27829
10500 1.12282
10600 0.642088
10700 -0.053142
10800 0.328416
10900 1.05309
11000 0.973105
11100 -0.0375578
11200 0.339823
11300 0.411455
11400 0.632817
11500 -0.300709
11600 -0.953265
11700 0.173437
11800 0.460695
11900 -0.328765
12000 -0.585952
12100 -0.228666
12200 0.00970252
12300 -0.45159
12400 -0.443784
12500 0.199575
12600 0.186884
12700 -0.219764
12800 0.721316
12900 0.450374
13000 1.72688
13100 0.525707
13200 0.350684
13300 1.44663
13400 0.923717
13500 0.543022
13600 1.84065
13700 1.40045
13800 1.29455
13900 1.11686
14000 1.11594
14100 1.89435
14200 0.869073
14300 2.18079
14400 0.793963
14500 1.31875
14600 1.86073
14700 0.801074
14800 0.944714
14900 1.77072
15000 0.920632
15100 0.641668
15200 1.02528
15300 0.443445
15400 1.30238
15500 1.32603
15600 0.359066
15700 0.445877
15800 0.734282
15900 1.05056
16000 0.735503
16100 0.498664
16200 1.16049
16300 1.41352
16400 0.267128
16500 0.81663
16600 1.32541
16700 0.935972
16800 1.22492
16900 1.15107
17000 0.312537
17100 1.56641
17200 0.617469
17300 1.85855
17400 0.543973
17500 0.815937
17600 1.57497
17700 0.152092
17800 1.0355
17900 0.577931
18000 1.04025
18100 0.800823
18200 0.940455
18300 0.815711
18400 0.732518
18500 0.563933
18600 0.0756459
18700 0.948273
18800 0.655423
18900 0.536395
19000 0.943202
19100 0.575781
19200 -0.179681
19300 1.24039
19400 0.688515
19500 0.286182
19600 1.17505
19700 1.32097
19800 1.28851
19900 1.42232
20000 0.008177
20100 0.17095
20200 2.05016
20300 0.800851
20400 2.19391
20500 0.0141156
20600 1.77555
20700 1.19149
20800 0.329997
20900 1.35868
21000 1.42578
21100 1.88476
21200 0.7445
21300 1.29744
21400 1.72514
21500 0.756283
21600 0.875839
21700 1.95869
21800 1.15424
21900 1.56606
22000 2.29853
22100 1.23335
22200 0.447117
22300 2.23643
22400 1.00966
22500 1.955
22600 1.54252
22700 1.52891
22800 0.965147
22900 1.81455
23000 1.76635
23100 2.23146
23200 1.95944
23300 1.33121
23400 1.94785
23500 1.93193
23600 2.05634
23700 1.63362
23800 1.8381
23900 2.1611
24000 1.82778
24100 3.11581
24200 1.66456
24300 1.87457
24400 2.65455
24500 1.91139
24600 2.06844
24700 0.832988
24800 2.71262
24900 1.85915
25000 1.96428
25100 2.59409
25200 1.08637
25300 2.39223
25400 1.92051
25500 1.93993
25600 2.39177
25700 2.10309
25800 1.81794
25900 1.99825
26000 2.35111
26100 2.60996
26200 2.81036
26300 2.11249
26400 1.58973
26500 2.8569
26600 2.56899
26700 2.57975
26800 1.47803
26900 2.32918
27000 2.6016
27100 2.15189
27200 1.8634
27300 1.84512
27400 3.03084
27500 2.20467
27600 2.90222
27700 2.49794
27800 1.46859
27900 3.32221
28000 2.16656
28100 2.10966
28200 2.8571
28300 2.52228
28400 2.59295
28500 2.82667
28600 1.29569
28700 3.21037
28800 2.09271
28900 2.69869
29000 1.72064
29100 2.68936
29200 2.60685
29300 2.72073
29400 2.29077
29500 3.53426
29600 2.88414
29700 2.45828
29800 3.22846
29900 2.79543
30000 2.87206
30100 3.13446
30200 1.63343
30300 4.20473
30400 2.44273
30500 2.36054
30600 3.19844
30700 2.8156
30800 2.70479
30900 3.1613
31000 3.32397
31100 2.15859
31200 3.07248
31300 2.59411
31400 2.75937
31500 3.43471
31600 3.35711
31700 2.30471
31800 2.46379
31900 3.2518
32000 3.13797
32100 2.52312
32200 2.8273
32300 2.47693
32400 3.14819
32500 2.85873
32600 2.08589
32700 2.30249
32800 2.56485
32900 4.03019
33000 3.02113
33100 2.40384
33200 3.64871
33300 2.73229
33400 2.99769
33500 3.31755
33600 3.74943
33700 2.98982
33800 4.22587
33900 3.48811
34000 3.38641
34100 2.95081
34200 3.118
34300 3.44984
34400 3.3119
34500 2.98071
34600 2.79593
34700 2.01138
34800 2.57927
34900 3.43834
35000 2.00921
35100 2.88471
35200 2.24751
35300 2.50826
35400 2.77236
35500 3.0896
35600 1.97737
35700 2.47045
35800 3.42317
35900 2.35187
36000 2.69831
36100 2.34425
36200 3.8362
36300 2.89261
36400 3.16928
36500 2.07413
36600 4.43898
36700 2.40373
36800 2.96416
36900 2.97553
37000 3.59176
37100 2.72829
37200 2.50749
37300 2.39772
37400 4.31377
37500 2.81896
37600 3.58381
37700 3.24751
37800 2.61512
37900 3.86297
38000 3.77413
38100 2.98112
38200 3.80246
38300 3.87981
38400 3.5258
38500 3.28621
38600 3.41224
38700 4.12199
38800 3.08831
38900 3.07059
39000 2.76836
39100 2.58233
39200 3.52653
39300 2.72468
39400 3.57118
39500 2.83743
39600 2.4911
39700 3.23185
39800 4.01
39900 2.85711
40000 1.67997
40100 3.43443
40200 3.65672
40300 2.00024
40400 3.30833
40500 3.33856
40600 3.35179
40700 2.65603
40800 3.39493
40900 2.52799
41000 3.40045
41100 2.48359
41200 2.5789
41300 2.61607
41400 3.05636
41500 2.68609
41600 2.51087
41700 2.84168
41800 3.05925
41900 2.20374
42000 3.15628
42100 1.86897
42200 2.56041
42300 2.94043
42400 2.35225
42500 2.75116
42600 1.9949
42700 3.17853
42800 1.7877
42900 2.07176
43000 2.27748
43100 2.08599
43200 1.85651
43300 2.7825
43400 1.62975
43500 2.17545
43600 2.15233
43700 1.96466
43800 2.59284
43900 2.73004
44000 2.47198
44100 1.97888
44200 1.76733
44300 3.45324
44400 2.35974
44500 1.92731
44600 2.12046
44700 3.14858
44800 2.93907
44900 2.55643
45000 2.14023
45100 3.22381
45200 1.95956
45300 3.35934
45400 2.29661
45500 2.38383
45600 2.25644
45700 3.19168
45800 1.46006
45900 2.56171
46000 1.85435
46100 2.51498
46200 2.25575
46300 1.91953
46400 2.5335
46500 2.91029
46600 1.85646
46700 2.12777
46800 2.33919
46900 2.18931
47000 1.63178
47100 2.46949
47200 2.80849
47300 1.65597
47400 2.05765
47500 2.01756
47600 2.62759
47700 3.5892
47800 1.5397
47900 2.70865
48000 2.51856
48100 2.53647
48200 1.69767
48300 2.14338
48400 1.88026
48500 1.84702
48600 2.86852
48700 1.75223
48800 2.87457
48900 1.76398
49000 2.29195
49100 1.66106
49200 2.68886
49300 2.35144
49400 3.29825
49500 1.68659
49600 1.72017
49700 2.62255
49800 2.15365
49900 2.68201
50000 1.53158
50100 1.84652
50200 2.22014
50300 0.316524
50400 3.75773
50500 1.71431
50600 2.57867
50700 1.83932
50800 2.50744
50900 2.77583
51000 2.11037
51100 2.48012
51200 0.978388
51300 3.0118
51400 3.56511
51500 2.32243
51600 2.23369
51700 2.42952
51800 2.51386
51900 1.79681
52000 1.66948
52100 3.36361
52200 1.73206
52300 2.37783
52400 1.78345
52500 1.69444
52600 2.16443
52700 2.87236
52800 1.9741
52900 2.19201
53000 2.10593
53100 2.4876
53200 2.2432
53300 2.91035
53400 1.81415
53500 1.98454
53600 2.0345
53700 2.65932
53800 2.5194
53900 1.85251
54000 2.64414
54100 2.44726
54200 2.54957
54300 2.43929
54400 1.20865
54500 3.12919
54600 2.13095
54700 1.5387
54800 2.47042
54900 2.33932
55000 2.47638
55100 3.70398
55200 0.410612
55300 2.57804
55400 2.21196
55500 2.29653
55600 2.78154
55700 2.10151
55800 1.91679
55900 2.38657
56000 2.45299
56100 3.37862
56200 2.76509
56300 1.75584
56400 2.00076
56500 1.17752
56600 1.97304
56700 2.17847
56800 1.59169
56900 1.72062
57000 1.60654
57100 2.02123
57200 1.87498
57300 2.59741
57400 2.63798
57500 2.40034
57600 0.112349
57700 2.60561
57800 2.7926
57900 1.81374
58000 1.27046
58100 1.47298
58200 2.34658
58300 1.38985
58400 1.91887
58500 2.26117
58600 1.2845
58700 0.926466
58800 2.90553
58900 2.0216
59000 1.417
59100 1.41191
59200 2.69742
59300 1.08544
59400 1.66087
59500 2.29799
59600 1.17314
59700 1.77105
59800 1.34136
59900 1.04075
60000 2.93086
60100 0.822164
60200 2.04147
60300 1.78572
60400 1.50163
60500 2.00927
60600 1.47921
60700 1.15248
60800 2.15437
60900 1.52585
61000 1.69418
61100 1.09682
61200 2.25186
61300 0.168378
61400 2.02343
61500 1.12079
61600 2.17798
61700 0.775552
61800 1.35047
61900 2.1621
62000 1.17548
62100 1.91998
62200 1.66862
62300 1.27761
62400 1.28171
62500 1.52474
62600 2.05556
62700 0.731081
62800 0.140442
62900 1.94457
63000 1.56062
63100 0.624592
63200 1.78962
63300 0.500632
63400 1.60341
63500 0.650818
63600 2.13789
63700 1.82235
63800 1.45602
63900 1.8409
64000 1.13874
64100 1.59788
64200 1.25595
64300 1.56348
64400 1.58387
64500 0.941533
64600 0.37598
64700 0.496348
64800 2.03551
64900 0.577122
65000 0.968703
65100 1.36632
65200 1.45225
65300 1.67869
65400 1.30482
65500 0.664902
65600 0.718236
65700 1.11997
65800 0.36776
65900 1.62721
66000 0.280206
66100 0.411661
66200 0.912907
66300 0.433173
66400 1.40314
66500 0.294878
66600 1.06028
66700 0.868588
66800 0.595312
66900 2.21587
67000 1.62415
67100 1.5936
67200 1.17296
67300 0.428267
67400 1.21077
67500 1.20235
67600 -0.317496
67700 -0.107952
67800 0.588243
67900 0.0403691
68000 0.234277
68100 1.46839
68200 0.946555
68300 0.275201
68400 0.731547
68500 0.265714
68600 0.652983
68700 0.725542
68800 1.0495
68900 0.877516
69000 1.29027
69100 1.92779
69200 1.11211
69300 2.31668
69400 1.92888
69500 2.2875
69600 1.35712
69700 1.1668
69800 2.06225
69900 -0.227402
70000 2.2875
70100 0.992425
70200 1.52474
70300 0.497734
70400 1.69879
70500 0.791877
70600 1.17606
70700 0.912181
70800 1.52046
70900 1.1389
71000 1.23323
71100 0.348962
71200 0.763121
71300 1.13277
71400 0.825761
71500 1.19689
71600 0.52614
71700 1.08356
71800 1.16113
71900 0.88436
72000 0.200186
72100 1.91634
72200 0.395022
72300 0.792609
72400 0.256421
72500 -0.0628447
72600 -0.190886
72700 1.53322
72800 -0.777965
72900 1.58089
73000 0.130795
73100 1.59392
73200 0.628611
73300 1.19584
73400 0.503993
73500 0.755588
73600 0.753551
73700 1.00805
73800 -0.284615
73900 2.55836
74000 0.807906
74100 0.77277
74200 1.42127
74300 -0.544967
74400 1.73609
74500 1.56365
74600 0.114734
74700 0.0795828
74800 0.540062
74900 0.546033
75000 1.10939
75100 1.73226
75200 0.202278
75300 -0.0351798
75400 0.791107
75500 0.457859
75600 0.302535
75700 0.818894
75800 1.32927
75900 1.02044
76000 -0.232902
76100 1.52491
76200 -0.104463
76300 2.1996
76400 0.798015
76500 0.880143
76600 0.881092
76700 1.12274
76800 1.15626
76900 1.37038
77000 0.538433
77100 1.36097
77200 0.0692935
77300 1.40949
77400 1.73747
77500 0.803131
77600 0.385998
77700 1.98148
77800 0.701038
77900 -0.0383617
78000 0.804118
78100 0.625143
78200 -0.509025
78300 1.72797
78400 2.02988
78500 0.8992
78600 0.541595
78700 1.00433
78800 0.434364
78900 0.778305
79000 0.840403
79100 1.44745
79200 0.225753
79300 1.53662
79400 -0.523475
79500 0.621609
79600 0.980881
79700 -0.00567191
79800 0.897032
79900 0.456819
80000 0.619567
80100 2.16289
80200 0.949221
80300 0.358049
80400 1.09727
80500 0.0181049
80600 1.11184
80700 0.551787
80800 0.545566
80900 0.802168
81000 1.43782
81100 0.226247
81200 0.329422
81300 0.0700743
81400 0.396752
81500 1.96395
81600 0.0181745
81700 1.58111
81800 -0.50949
81900 1.24437
82000 0.70855
82100 1.07642
82200 -0.126921
82300 1.38053
82400 1.07727
82500 0.567617
82600 0.814211
82700 1.09259
82800 0.673926
82900 0.316101
83000 1.25729
83100 -0.0106829
83200 0.798566
83300 0.840849
83400 1.01494
83500 0.838912
83600 1.28749
83700 0.984621
83800 0.348444
83900 1.36898
84000 1.28619
84100 1.01452
84200 0.0884021
84300 1.66439
84400 0.261217
84500 0.327862
84600 0.5388
84700 2.40708
84800 0.339489
84900 0.339976
85000 0.449702
85100 1.49929
85200 0.489864
85300 1.20645
85400 0.0837151
85500 1.19897
85600 0.56854
85700 2.23029
85800 1.02491
85900 0.85626
86000 0.0438268
86100 1.18974
86200 1.35309
86300 1.39926
86400 0.911815
86500 0.267407
86600 0.685463
86700 1.98269
86800 1.25255
86900 0.906675
87000 0.268482
87100 0.979986
87200 0.824946
87300 -0.224964
87400 1.15215
87500 1.44204
87600 0.725061
87700 0.433999
87800 0.801359
87900 1.30927
88000 1.43237
88100 0.409741
88200 0.094739
88300 1.34424
88400 0.970979
88500 0.712908
88600 0.182875
88700 0.718144
88800 1.07624
88900 1.15258
89000 0.366283
89100 -0.163155
89200 0.699183
89300 1.01512
89400 0.983234
89500 1.88168
89600 1.08916
89700 0.578877
89800 0.284202
89900 0.93784
90000 -0.254152
90100 1.74155
90200 1.88837
90300 0.695966
90400 1.743
90500 0.414062
90600 1.18565
90700 1.77358
90800 0.332657
90900 0.164683
91000 1.67788
91100 1.16579
91200 0.478779
91300 1.39968
91400 0.110122
91500 0.789443
91600 0.663024
91700 1.10386
91800 0.565105
91900 2.46367
92000 0.621812
92100 1.1939
92200 0.722857
92300 1.28351
92400 0.811107
92500 1.02927
92600 0.934209
92700 0.152694
92800 1.17511
92900 1.71752
93000 1.04726
93100 0.607058
93200 0.825974
93300 0.612816
93400 1.55029
93500 1.26359
93600 0.93789
93700 0.445798
93800 1.22952
93900 1.70289
94000 0.541333
94100 0.833023
94200 0.96073
94300 0.439829
94400 1.37473
94500 1.06122
94600 1.57224
94700 -0.22172
94800 1.68029
94900 0.833755
95000 0.173636
95100 0.64638
95200 0.968548
95300 0.502165
95400 1.23961
95500 0.730809
95600 1.4819
95700 -0.221821
95800 1.34845
95900 0.922261
96000 1.20292
96100 0.961187
96200 1.0083
96300 0.26241
96400 0.955096
96500 0.412202
96600 1.02727
96700 1.68844
96800 0.0713723
96900 1.6712
97000 0.938909
97100 0.673795
97200 0.549126
97300 0.559171
97400 -0.42173
97500 1.04533
97600 0.855062
97700 1.94365
97800 0.82737
97900 0.645255
98000 1.99137
98100 0.984247
98200 0.879779
98300 0.393618
98400 -0.205939
98500 1.35017
98600 1.53476
98700 1.01749
98800 0.499431
98900 0.48108
99000 1.88612
99100 1.13319
99200 1.1114
99300 -0.328551
99400 1.86268
99500 -0.508126
99600 2.05546
99700 0.176006
99800 0.831099
99900 0.99996
100000 0.654367
100100 0.786266
100200 1.31241
100300 0.64684
100400 1.23122
100500 0.431174
100600 0.120791
100700 1.24827
100800 -0.0273024
100900 1.34649
101000 0.719196
101100 1.5576
101200 0.209625
101300 0.8094
101400 1.32966
101500 1.50516
101600 0.384103
101700 -0.0899563
101800 2.25941
101900 0.860491
102000 -0.127862
102100 3.52879
102200 -0.722826
102300 -0.349193
102400 0.408582
102500 2.47746
102600 1.05397
102700 0.589578
102800 0.796614
102900 0.241044
103000 1.38785
103100 1.36964
103200 1.41566
103300 0.273273
103400 0.899108
103500 0.291092
103600 0.489801
103700 2.14978
103800 0.523015
103900 -0.270904
104000 2.12122
104100 0.699123
104200 0.914129
104300 2.25716
104400 0.934827
104500 -1.34366
104600 1.69371
104700 0.492998
104800 1.10047
104900 1.061
105000 1.1632
105100 0.129477
105200 1.96375
105300 1.35531
105400 0.0130828
105500 1.5432
105600 -0.0957921
105700 1.59332
105800 1.61116
105900 0.126473
106000 1.06233
106100 0.434348
106200 1.96111
106300 -0.162713
106400 0.898247
106500 0.963571
106600 1.18065
106700 1.27626
106800 0.749837
106900 0.312872
107000 0.494092
107100 1.64208
107200 1.53344
107300 1.60391
107400 0.625057
107500 1.03421
107600 1.62006
107700 -0.603465
107800 1.78489
107900 -0.267306
108000 0.975831
108100 0.908475
108200 1.33575
108300 1.21147
108400 1.47811
108500 0.181851
108600 0.321794
108700 0.521701
108800 1.77052
108900 1.13369
109000 1.62684
109100 -0.259534
109200 1.01306
109300 0.886185
109400 -0.249989
109500 1.85263
109600 0.360521
109700 0.627534
109800 1.62307
109900 0.784861
110000 1.2236
110100 1.36184
110200 1.06018
110300 0.553748
110400 0.265988
110500 2.49487
110600 -0.831652
110700 1.61311
110800 1.0175
110900 0.522359
111000 1.25473
111100 1.19082
111200 1.38953
111300 -0.279168
111400 1.13362
111500 0.948109
111600 0.262352
111700 -0.566294
111800 0.433763
111900 0.0403688
112000 1.59096
112100 1.04889
112200 1.27488
112300 0.887527
112400 0.235778
112500 0.203287
112600 0.733126
112700 0.628866
112800 1.94592
112900 -0.278216
113000 1.80724
113100 0.203346
113200 2.78395
113300 0.673696
113400 1.51158
113500 -0.452188
113600 0.792488
113700 1.28736
113800 0.491748
113900 0.202628
114000 0.71512
114100 1.35549
114200 0.814974
114300 1.13961
114400 0.766267
114500 1.00403
114600 1.08167
114700 0.756853
114800 0.499352
114900 0.893633
115000 0.907169
115100 0.24886
115200 1.15943
115300 0.898439
115400 -0.0964752
115500 0.620865
115600 0.27075
115700 0.411749
115800 0.973506
115900 -0.238543
116000 1.43057
116100 0.643768
116200 1.53334
116300 -0.332038
116400 1.03015
116500 0.709931
116600 -0.440005
116700 1.13425
116800 1.58513
116900 1.8248
117000 1.37579
117100 -0.237466
117200 -0.183267
117300 1.24362
117400 1.14205
117500 0.382805
117600 0.540474
117700 1.08369
117800 1.16771
117900 0.189064
118000 0.303259
118100 0.928243
118200 0.686532
118300 0.801417
118400 0.692575
118500 0.255946
118600 1.09959
118700 0.786706
118800 1.0995
118900 1.70505
119000 0.358049
119100 1.02622
119200 0.995205
119300 1.01209
119400 1.40498
119500 0.676351
119600 0.312817
119700 -0.256827
119800 0.0925983
119900 1.17228
120000 2.66325
120100 0.770183
120200 -0.345506
120300 1.47873
120400 0.710302
120500 0.698207
120600 0.821157
120700 0.632811
120800 1.29148
120900 -0.0117623
121000 0.5896
121100 1.72595
121200 0.453326
121300 0.263833
121400 0.409101
121500 1.3036
121600 -0.586888
121700 1.33624
121800 1.23818
121900 0.429295
122000 0.18078
122100 2.05645
122200 0.955294
122300 -0.480138
122400 0.193748
122500 0.552481
122600 0.0985366
122700 0.378737
122800 1.7402
122900 0.982634
123000 0.405888
123100 1.32841
123200 0.903515
123300 2.09395
123400 1.22963
123500 -0.0192157
123600 -0.329495
123700 0.714548
123800 1.73496
123900 0.725986
124000 1.72912
124100 0.110168
124200 0.23338
124300 1.69167
124400 0.943747
124500 0.180357
124600 1.48318
124700 0.751256
124800 2.1657
124900 0.222839
125000 1.18629
125100 0.411477
125200 -0.459168
125300 0.438101
125400 2.09001
125500 -0.211497
125600 0.53965
125700 1.67427
125800 -0.637895
125900 0.48028
126000 1.19281
126100 0.576134
126200 1.32967
126300 1.05235
126400 -0.318836
126500 -0.993807
126600 0.748235
126700 1.34888
126800 -0.390456
126900 -0.0211201
127000 1.23967
127100 1.47692
127200 0.137739
127300 1.22742
127400 0.999844
127500 0.583109
127600 0.0891343
127700 1.47359
127800 0.23656
127900 1.03573
128000 1.12642
128100 0.892926
128200 -0.514282
128300 1.37759
128400 0.903309
128500 1.06984
128600 0.328203
128700 0.391369
128800 1.28031
128900 -0.0697735
129000 0.547765
129100 1.33799
129200 1.25941
129300 0.691225
129400 0.408295
129500 0.195013
129600 1.37552
129700 0.633979
129800 0.193021
129900 1.73544
130000 0.187914
130100 1.30443
130200 0.376254
130300 1.81401
130400 0.361757
130500 1.01467
130600 0.372057
130700 1.12385
130800 -0.284929
130900 2.53153
131000 -0.719485
131100 1.17018
131200 -0.0915594
131300 0.568089
131400 0.0353609
131500 0.852531
131600 1.05866
131700 0.838647
131800 1.38248
131900 0.578155
132000 1.51198
132100 1.30843
132200 0.0809218
132300 1.0797
132400 0.509276
132500 0.927075
132600 1.358
132700 1.07373
132800 0.33379
132900 0.679371
133000 1.5405
133100 0.0415194
133200 0.549281
133300 -0.170437
133400 1.74744
133500 0.053812
133600 1.37823
133700 0.732241
133800 0.661081
133900 1.2467
134000 0.0951673
134100 1.27564
134200 0.71212
134300 0.204239
134400 0.823235
134500 -0.308092
134600 1.90841
134700 1.38349
134800 1.4518
134900 0.779765
135000 0.203642
135100 1.48914
135200 0.14232
135300 0.550762
135400 1.50468
135500 0.89158
135600 0.323179
135700 0.598041
135800 0.450795
135900 0.867751
136000 1.60045
136100 1.64448
136200 0.027071
136300 1.95356
136400 0.126983
136500 1.12779
136600 0.240587
136700 1.22502
136800 0.176796
136900 0.299833
137000 1.33114
137100 0.204583
137200 1.00499
137300 1.04881
137400 1.88229
137500 -0.326883
137600 2.21221
137700 -0.360723
137800 0.392917
137900 1.15798
138000 0.592143
138100 0.35842
138200 0.721716
138300 1.33974
138400 1.3509
138500 0.00232444
138600 1.23026
138700 1.17325
138800 -1.19545
138900 1.24582
139000 2.37238
139100 2.16345
139200 -1.46817
139300 1.12974
139400 1.61901
139500 -0.233139
139600 0.769246
139700 -0.426932
139800 1.3794
139900 1.6161
140000 0.924424
140100 1.2248
140200 -0.0211189
140300 -0.695789
140400 1.32824
140500 -0.50527
140600 0.73694
140700 0.682977
140800 1.88676
140900 1.36344
141000 0.79596
141100 0.374503
141200 0.93643
141300 -0.509996
141400 1.35729
141500 1.14415
141600 0.452029
141700 0.149297
141800 1.06409
141900 -0.345754
142000 1.80421
142100 0.895088
142200 0.278897
142300 1.89123
142400 0.589755
142500 -0.0642305
142600 2.33624
142700 0.809576
142800 1.85939
142900 0.230407
143000 1.42107
143100 1.17874
143200 1.38483
143300 0.743032
143400 -0.520779
143500 0.658651
143600 1.85979
143700 0.41335
143800 0.946325
143900 0.273886
144000 1.15166
144100 0.379859
144200 1.15191
144300 0.659716
144400 0.617311
144500 0.830282
144600 0.688935
144700 1.2546
144800 1.56813
144900 0.110146
145000 1.29051
145100 1.79285
145200 -0.411104
145300 1.64336
145400 0.852051
145500 0.210497
145600 1.85232
145700 0.00446431
145800 1.37624
145900 0.502342
146000 0.292953
146100 1.19871
146200 1.44527
146300 0.505486
146400 -0.108756
146500 0.141527
146600 0.738929
146700 1.30438
146800 0.670121
146900 0.287608
147000 0.891671
147100 0.927455
147200 1.43186
147300 1.39477
147400 -0.962509
147500 1.6926
147600 0.226337
147700 1.05036
147800 0.407871
147900 1.49231
148000 0.969055
148100 0.292017
148200 0.803439
148300 0.579335
148400 1.5365
148500 -0.525046
148600 0.755746
148700 0.954496
148800 -1.01336
148900 1.06949
149000 1.08072
149100 -0.423436
149200 1.53335
149300 1.57638
149400 0.471642
149500 0.0533388
149600 0.0428013
149700 1.6315
149800 0.409186
149900 -0.394591
150000 3.35059
150100 -0.444898
150200 0.759741
150300 0.581444
150400 0.564528
150500 1.35516
150600 1.9057
150700 0.500856
150800 0.198348
150900 1.271
151000 1.02777
151100 1.3406
151200 1.20318
151300 0.624142
151400 1.00301
151500 0.13327
151600 1.52
151700 1.0681
151800 -0.526569
151900 1.39417
152000 0.314218
152100 1.64643
152200 -1.00633
152300 1.76868
152400 1.38203
152500 1.03238
152600 0.814925
152700 0.340555
152800 0.804733
152900 1.11043
153000 0.5322
153100 0.693049
153200 0.157998
153300 1.35273
153400 0.571982
153500 -0.511762
153600 2.75292
153700 0.574815
153800 -0.0241628
153900 0.506544
154000 0.818555
154100 0.931859
154200 0.428986
154300 0.672892
154400 0.894675
154500 -0.139636
154600 0.346833
154700 2.05354
154800 0.94915
154900 0.518712
155000 0.475625
155100 0.182121
155200 0.661279
155300 0.840118
155400 1.69715
155500 1.51812
155600 0.367635
155700 0.567888
155800 0.649097
155900 0.831678
156000 -0.920567
156100 1.4045
156200 0.471889
156300 1.57178
156400 0.365015
156500 1.87626
156600 0.345467
156700 0.39623
156800 1.10049
156900 0.808948
157000 -0.208585
157100 1.10495
157200 1.33026
157300 0.586611
157400 0.198834
157500 1.33606
157600 0.339249
157700 0.558934
157800 1.35098
157900 1.63253
158000 0.36873
158100 1.52876
158200 0.445976
158300 0.806224
158400 0.919392
158500 1.384
158600 0.69906
158700 0.635757
158800 0.549629
158900 0.445571
159000 0.906782
159100 0.262901
159200 1.30846
159300 -0.426637
159400 2.31903
159500 0.619868
159600 1.19311
159700 1.21401
159800 0.136958
159900 0.987001
160000 -0.55984
160100 0.844484
