# Time-averaged data for fix stress_6
# TimeStep v_sigmayy_5
10200 6.92079
10300 7.5425
10400 7.7875
10500 7.50288
10600 7.08178
10700 6.74198
10800 5.25568
10900 5.82586
11000 5.7767
11100 5.32413
11200 4.70799
11300 5.05277
11400 4.71459
11500 3.61886
11600 3.77492
11700 3.13713
11800 2.70462
11900 3.17984
12000 4.39076
12100 4.86524
12200 5.63009
12300 6.25273
12400 6.29222
12500 6.34809
12600 5.96171
12700 6.64315
12800 5.67221
12900 5.79368
13000 5.28583
13100 5.43167
13200 6.2244
13300 6.5117
13400 6.42202
13500 6.87728
13600 5.94409
13700 5.59261
13800 6.0633
13900 7.12663
14000 7.22131
14100 7.59142
14200 7.70799
14300 6.93999
14400 6.2955
14500 6.30688
14600 6.19504
14700 6.19667
14800 5.68173
14900 5.5801
15000 5.05789
15100 5.51348
15200 6.84852
15300 6.4678
15400 6.1862
15500 5.80896
15600 6.04446
15700 6.10723
15800 6.33712
15900 6.36223
16000 6.86038
16100 6.70133
16200 7.12605
16300 7.10172
16400 8.38699
16500 8.04849
16600 8.11758
16700 7.61182
16800 7.40488
16900 6.49341
17000 7.20758
17100 7.28072
17200 7.60188
17300 7.38152
17400 7.58457
17500 6.50389
17600 6.91623
17700 6.45108
17800 6.48446
17900 6.99117
18000 7.38573
18100 7.68923
18200 8.19972
18300 7.70496
18400 7.81435
18500 7.62178
18600 7.16681
18700 7.29219
18800 7.48245
18900 7.88681
19000 7.47457
19100 6.83343
19200 7.1059
19300 7.63452
19400 7.9648
19500 8.12773
19600 9.85277
19700 8.46172
19800 8.35285
19900 7.02621
20000 7.0992
20100 7.65004
20200 7.8341
20300 6.75594
20400 7.92841
20500 7.84259
20600 7.93951
20700 7.86517
20800 8.15244
20900 8.7309
21000 9.2988
21100 8.69979
21200 7.77092
21300 7.70521
21400 7.758
21500 8.24164
21600 8.49269
21700 8.3141
21800 8.20414
21900 8.67567
22000 7.9972
22100 7.90189
22200 8.25256
22300 8.87902
22400 9.31556
22500 9.45494
22600 9.45131
22700 9.43024
22800 9.20432
22900 9.76794
23000 9.91141
23100 9.71159
23200 9.69579
23300 10.1421
23400 9.22409
23500 9.47586
23600 8.92918
23700 8.30037
23800 8.79904
23900 9.28878
24000 9.04502
24100 8.72355
24200 8.52159
24300 8.34316
24400 9.22588
24500 9.30249
24600 9.72284
24700 10.2132
24800 9.87861
24900 9.83443
25000 9.36456
25100 9.03102
25200 10.0015
25300 9.91258
25400 9.57613
25500 10.0149
25600 9.90828
25700 9.56323
25800 9.63049
25900 9.86879
26000 9.38661
26100 9.73718
26200 9.97464
26300 9.90484
26400 9.13657
26500 9.79251
26600 9.6172
26700 9.24774
26800 9.91934
26900 10.061
27000 10.2187
27100 9.83764
27200 9.33567
27300 9.3533
27400 9.83115
27500 9.78146
27600 9.97089
27700 10.3899
27800 10.0545
27900 10.8776
28000 11.1388
28100 10.7284
28200 10.2036
28300 10.2758
28400 9.70362
28500 9.60354
28600 10.0635
28700 10.4847
28800 10.9181
28900 11.3624
29000 11.3495
29100 10.0077
29200 10.6772
29300 10.5547
29400 10.2868
29500 10.3883
29600 10.3019
29700 10.0393
29800 9.94196
29900 10.5396
30000 10.8192
30100 11.6114
30200 10.8045
30300 10.5118
30400 10.1184
30500 10.4328
30600 10.2775
30700 11.3324
30800 11.2738
30900 11.3168
31000 10.6088
31100 11.8085
31200 11.0568
31300 10.9521
31400 11.1489
31500 11.5843
31600 11.0144
31700 11.3809
31800 11.6794
31900 11.1773
32000 10.8235
32100 10.4236
32200 10.2443
32300 10.5456
32400 10.914
32500 11.0634
32600 11.5758
32700 10.8387
32800 11.0118
32900 10.5441
33000 10.6458
33100 10.5007
33200 10.8966
33300 10.5828
33400 10.852
33500 10.8284
33600 10.3066
33700 10.0101
33800 10.3074
33900 9.92118
34000 10.0548
34100 9.91239
34200 9.72678
34300 10.0662
34400 10.5169
34500 10.3863
34600 9.93091
34700 10.4169
34800 10.802
34900 10.025
35000 10.549
35100 10.6318
35200 10.1155
35300 10.0103
35400 10.1355
35500 10.3597
35600 9.9485
35700 10.0205
35800 10.3482
35900 11.0594
36000 11.0289
36100 11.3512
36200 11.3807
36300 10.6502
36400 11.0882
36500 11.0807
36600 10.6752
36700 10.7795
36800 10.5529
36900 10.3731
37000 10.1846
37100 9.58339
37200 9.08221
37300 8.86947
37400 8.56993
37500 8.68758
37600 8.78703
37700 8.6015
37800 9.39596
37900 9.59859
38000 9.88008
38100 10.665
38200 10.4666
38300 10.656
38400 11.7265
38500 11.3898
38600 10.9302
38700 12.0603
38800 11.3396
38900 11.0088
39000 11.3862
39100 11.442
39200 11.1135
39300 11.4998
39400 10.7484
39500 10.1674
39600 10.9884
39700 10.7846
39800 10.9675
39900 10.8397
40000 10.6362
40100 10.2438
40200 10.3669
40300 10.8979
40400 11.4016
40500 10.7132
40600 11.6354
40700 11.5337
40800 11.042
40900 11.0511
41000 11.9931
41100 11.2224
41200 11.9769
41300 12.361
41400 12.1374
41500 12.3827
41600 11.9198
41700 11.6235
41800 11.7253
41900 11.6283
42000 11.343
42100 12.11
42200 12.0295
42300 12.575
42400 12.6394
42500 12.906
42600 12.7062
42700 12.3858
42800 12.2788
42900 12.6123
43000 12.4148
43100 12.1067
43200 12.0658
43300 12.585
43400 12.1267
43500 12.2681
43600 12.3686
43700 12.2904
43800 12.727
43900 12.7837
44000 13.0194
44100 13.0098
44200 13.5265
44300 13.9281
44400 13.8932
44500 13.9424
44600 13.9821
44700 13.4278
44800 12.9648
44900 13.2707
45000 13.7421
45100 13.2875
45200 13.874
45300 13.9331
45400 13.023
45500 12.8909
45600 13.8198
45700 13.4667
45800 13.1075
45900 13.7914
46000 13.8547
46100 13.3171
46200 12.672
46300 12.3823
46400 13.8908
46500 14.7958
46600 14.2919
46700 14.0415
46800 13.4457
46900 13.853
47000 13.4867
47100 13.8552
47200 14.124
47300 14.016
47400 14.9485
47500 14.4812
47600 14.3175
47700 14.3539
47800 12.8817
47900 13.2055
48000 12.8577
48100 13.2921
48200 13.6203
48300 13.9442
48400 13.8078
48500 13.7154
48600 13.2588
48700 13.8807
48800 13.5856
48900 13.3755
49000 13.3084
49100 14.153
49200 13.9036
49300 14.1899
49400 14.2765
49500 14.3439
49600 14.3564
49700 14.186
49800 14.2017
49900 14.2393
50000 14.4496
50100 14.3033
50200 14.1937
50300 13.9158
50400 13.2164
50500 13.4279
50600 13.1193
50700 12.802
50800 13.4095
50900 13.5334
51000 12.6891
51100 12.4451
51200 13.319
51300 12.946
51400 13.1358
51500 12.971
51600 13.2186
51700 13.6215
51800 13.5694
51900 14.2092
52000 14.871
52100 14.7102
52200 14.7899
52300 14.115
52400 14.8156
52500 14.7739
52600 15.2699
52700 15.6632
52800 14.8348
52900 14.6531
53000 14.861
53100 15.5056
53200 15.134
53300 14.8213
53400 15.1625
53500 15.365
53600 15.4563
53700 14.8822
53800 14.4619
53900 14.909
54000 14.8905
54100 14.9201
54200 15.2357
54300 14.8047
54400 15.8097
54500 15.6234
54600 15.9098
54700 16.3115
54800 16.0059
54900 15.7889
55000 15.8055
55100 15.6963
55200 15.9951
55300 16.6106
55400 16.6883
55500 16.7619
55600 16.7989
55700 16.7322
55800 16.3023
55900 16.8916
56000 16.423
56100 15.908
56200 16.4363
56300 17.25
56400 16.5764
56500 16.1029
56600 17.0664
56700 16.7971
56800 16.453
56900 17.4435
57000 17.5221
57100 17.0377
57200 17.3974
57300 17.8392
57400 18.1888
57500 18.246
57600 18.5375
57700 18.3988
57800 18.0105
57900 18.4255
58000 18.8899
58100 19.0368
58200 18.23
58300 18.1526
58400 18.9152
58500 19.2717
58600 19.6195
58700 19.5529
58800 18.6745
58900 18.8725
59000 18.5513
59100 18.2934
59200 19.1596
59300 19.0981
59400 19.577
59500 19.7257
59600 20.0075
59700 19.1807
59800 19.4922
59900 19.5683
60000 19.9889
60100 19.9402
60200 20.0809
60300 20.0295
60400 20.5209
60500 20.939
60600 21.148
60700 21.5249
60800 22.0875
60900 22.4382
61000 22.8457
61100 23.6649
61200 24.3768
61300 23.4495
61400 23.1294
61500 23.2877
61600 23.19
61700 23.8876
61800 23.3607
61900 23.9625
62000 24.594
62100 25.2741
62200 23.7991
62300 23.7596
62400 23.9139
62500 21.3306
62600 19.845
62700 19.7849
62800 19.2171
62900 18.1446
63000 18.3991
63100 18.1678
63200 16.8418
63300 17.4378
63400 16.1419
63500 15.5183
63600 15.1096
63700 15.6083
63800 15.2488
63900 15.3913
64000 15.6862
64100 16.4037
64200 16.0919
64300 15.8165
64400 15.7252
64500 14.9267
64600 14.1821
64700 14.8912
64800 14.0608
64900 14.1314
65000 13.505
65100 14.107
65200 12.6574
65300 11.6531
65400 11.6609
65500 12.5406
65600 11.9837
65700 11.9749
65800 10.053
65900 7.58766
66000 4.05561
66100 2.89608
66200 3.45738
66300 0.801151
66400 0.718481
66500 1.24292
66600 1.53298
66700 -0.35563
66800 0.911308
66900 1.23995
67000 -0.214261
67100 0.377175
67200 -0.505379
67300 -0.396535
67400 0.878849
67500 0.00716195
67600 0.322869
67700 -0.034005
67800 -1.03627
67900 -0.485337
68000 -0.154415
68100 -0.050773
68200 -0.0952759
68300 -0.129909
68400 -0.111799
68500 -0.538985
68600 -1.35993
68700 0.139667
68800 0.490713
68900 -0.103093
69000 -0.922319
69100 -0.188423
69200 0.31409
69300 -1.0406
69400 -2.72477
69500 -0.790993
69600 -0.135285
69700 -0.0646009
69800 -0.680113
69900 -1.02405
70000 -0.589365
70100 0.16635
70200 -0.0695828
70300 0.121668
70400 1.51334
70500 0.328611
70600 -1.41936
70700 -1.45846
70800 -0.192004
70900 -0.804094
71000 0.283665
71100 -0.162201
71200 -0.0407612
71300 0.127955
71400 0.079506
71500 -0.616321
71600 -1.97188
71700 -0.625058
71800 -0.266216
71900 0.422701
72000 -0.570747
72100 -0.328251
72200 -0.95671
72300 0.336282
72400 0.20521
72500 -0.635701
72600 -0.37152
72700 -1.6613
72800 -0.14514
72900 0.440571
73000 0.100179
73100 0.553137
73200 1.03919
73300 -1.22473
73400 -0.543843
73500 -0.549135
73600 -1.42924
73700 -0.479212
73800 0.462179
73900 0.284551
74000 -1.08022
74100 -0.754901
74200 -0.696627
74300 -0.279085
74400 -0.0585972
74500 -0.594412
74600 0.896261
74700 -0.920438
74800 -1.08688
74900 -0.807917
75000 0.635155
75100 0.39934
75200 -0.120153
75300 -0.210237
75400 0.472988
75500 0.0851964
75600 -0.887868
75700 -0.151424
75800 0.795375
75900 -0.188264
76000 -0.109878
76100 0.0373902
76200 -0.0655864
76300 0.352837
76400 -0.631732
76500 -0.73401
76600 0.736502
76700 -0.0699384
76800 -0.391257
76900 -0.0824101
77000 -0.126698
77100 0.972283
77200 0.493158
77300 -0.0969176
77400 -0.676735
77500 -0.643274
77600 -0.23399
77700 0.822846
77800 1.63109
77900 0.523911
78000 -0.0808288
78100 0.160419
78200 0.120616
78300 0.552885
78400 -0.29823
78500 0.0238079
78600 -0.851697
78700 -0.535304
78800 -0.555863
78900 0.525606
79000 0.242818
79100 -0.116033
79200 0.70604
79300 1.12955
79400 0.138208
79500 -0.480963
79600 -0.783673
79700 -0.496919
79800 0.211667
79900 -0.965811
80000 0.209771
80100 -0.119468
80200 -0.754157
80300 -0.60269
80400 -0.385926
80500 0.713282
80600 0.260474
80700 -0.346246
80800 -0.767646
80900 0.209118
81000 0.652271
81100 -0.376679
81200 -0.265672
81300 -0.152516
81400 -0.663875
81500 -0.0302059
81600 0.240876
81700 -0.0056623
81800 -1.43714
81900 0.171404
82000 0.290798
82100 0.0312532
82200 0.463887
82300 -0.0847569
82400 0.420982
82500 -1.72084
82600 -0.87179
82700 1.62
82800 -1.22383
82900 -0.656624
83000 0.117524
83100 -0.762219
83200 -0.306225
83300 -0.157919
83400 -0.430412
83500 -0.0921113
83600 0.585523
83700 -0.0170112
83800 -1.53282
83900 -0.764945
84000 0.197651
84100 -0.213839
84200 -0.113353
84300 0.366655
84400 -0.0488824
84500 0.205807
84600 0.0527008
84700 -0.275342
84800 -0.898053
84900 -0.657144
85000 0.287891
85100 0.744141
85200 -0.217859
85300 -1.32606
85400 -0.81107
85500 -0.00153253
85600 0.481905
85700 -0.150931
85800 -0.0755755
85900 0.665004
86000 0.0125833
86100 -0.82759
86200 0.261089
86300 0.662733
86400 -0.688736
86500 0.651408
86600 0.358579
86700 -0.231805
86800 0.377
86900 -0.122849
87000 0.053202
87100 1.80538
87200 0.877568
87300 -0.289304
87400 -0.499906
87500 0.993021
87600 1.11638
87700 -1.82374
87800 0.477669
87900 2.25318
88000 1.35477
88100 -0.509961
88200 -0.746146
88300 0.141766
88400 -0.258902
88500 -0.0375229
88600 -0.0997381
88700 -0.457537
88800 0.95137
88900 0.183036
89000 -0.766786
89100 1.42658
89200 1.05374
89300 -0.342644
89400 -0.876031
89500 0.0400582
89600 -0.104546
89700 0.2219
89800 1.06836
89900 0.144476
90000 -0.191136
90100 -0.0785062
90200 0.785572
90300 0.982629
90400 -0.199889
90500 0.513586
90600 -0.00523618
90700 0.257148
90800 0.0476182
90900 -0.483565
91000 0.947397
91100 0.929763
91200 0.421599
91300 -0.110031
91400 -0.572018
91500 0.673522
91600 0.116582
91700 0.686334
91800 0.437057
91900 0.0861084
92000 0.163323
92100 0.0312543
92200 0.369548
92300 0.506438
92400 0.425546
92500 0.839801
92600 0.855758
92700 0.266168
92800 -0.236742
92900 0.270603
93000 0.589588
93100 0.1572
93200 -0.519647
93300 0.664144
93400 0.477584
93500 0.900936
93600 -0.236759
93700 -0.170511
93800 0.340122
93900 0.534149
94000 0.693459
94100 0.251571
94200 1.10829
94300 -0.17398
94400 0.207678
94500 -0.183963
94600 1.13162
94700 0.511047
94800 0.0363269
94900 0.197858
95000 -0.510389
95100 0.581601
95200 -0.778429
95300 0.154285
95400 0.840475
95500 0.649977
95600 0.665784
95700 -0.0325436
95800 0.250899
95900 0.907555
96000 0.425695
96100 -0.211577
96200 -0.171144
96300 0.334454
96400 0.509765
96500 -0.08441
96600 0.134829
96700 0.216533
96800 -0.623973
96900 1.0392
97000 -0.147593
97100 0.935725
97200 -0.126583
97300 -0.00912839
97400 -0.233874
97500 0.277599
97600 0.459175
97700 0.146573
97800 -0.632702
97900 -0.896625
98000 0.486497
98100 0.151978
98200 0.5152
98300 1.08592
98400 -0.54041
98500 -0.960507
98600 0.837581
98700 0.925143
98800 0.761359
98900 -0.236943
99000 0.656363
99100 -0.492534
99200 -0.110232
99300 0.898576
99400 1.21593
99500 -1.17864
99600 -0.141554
99700 -0.136566
99800 0.514696
99900 0.437387
100000 0.641387
100100 1.56076
100200 0.0508831
100300 -0.766137
100400 -0.289418
100500 1.05133
100600 0.164604
100700 0.13808
100800 -1.44734
100900 0.409205
101000 1.06638
101100 -0.273707
101200 0.799319
101300 1.62072
101400 0.615533
101500 0.0535096
101600 -0.307007
101700 -0.19017
101800 0.857367
101900 -0.878049
102000 0.621266
102100 0.703329
102200 0.284712
102300 0.0756761
102400 0.485658
102500 -0.663456
102600 0.429108
102700 0.783451
102800 1.39757
102900 0.873566
103000 -0.04042
103100 0.0855106
103200 -0.0765028
103300 0.281886
103400 0.741391
103500 -0.738623
103600 -0.451962
103700 0.697841
103800 0.115004
103900 1.75136
104000 1.63172
104100 0.194887
104200 -0.635746
104300 -0.509588
104400 0.662495
104500 0.00823987
104600 0.123506
104700 0.0208186
104800 0.548026
104900 0.165769
105000 0.664795
105100 0.297247
105200 0.276306
105300 0.192407
105400 -0.0372204
105500 -0.25376
105600 0.187006
105700 1.23521
105800 0.668347
105900 -0.988506
106000 -0.0684235
106100 0.361492
106200 0.267381
106300 0.482991
106400 1.28337
106500 -0.279439
106600 -0.180909
106700 1.56345
106800 1.15187
106900 -0.123993
107000 -0.850202
107100 -0.273032
107200 -0.12298
107300 -0.403958
107400 0.650565
107500 1.13383
107600 1.19598
107700 0.974721
107800 0.0224115
107900 0.335633
108000 -0.663787
108100 -0.331811
108200 0.296316
108300 -0.217948
108400 0.128062
108500 0.916097
108600 -0.0913957
108700 -0.234421
108800 1.43509
108900 0.207458
109000 1.84541
109100 0.560477
109200 1.015
109300 0.16157
109400 0.413363
109500 -0.141041
109600 -0.689787
109700 -0.669788
109800 -0.315288
109900 0.45919
110000 1.48991
110100 1.52482
110200 0.267945
110300 0.590684
110400 0.12797
110500 0.173877
110600 -0.90068
110700 0.199391
110800 0.163756
110900 1.09652
111000 0.199091
111100 0.572838
111200 -0.900741
111300 0.298387
111400 0.602398
111500 -0.194013
111600 0.216385
111700 0.62275
111800 0.522583
111900 -0.194006
112000 0.564276
112100 0.101494
112200 -0.00203884
112300 -0.591562
112400 0.581312
112500 1.09641
112600 0.580087
112700 0.500011
112800 0.420339
112900 -0.601592
113000 0.420687
113100 -0.206909
113200 -0.217889
113300 0.721421
113400 -0.0560734
113500 1.36732
113600 -0.0493654
113700 0.377145
113800 0.123135
113900 0.446114
114000 1.04145
114100 0.524402
114200 0.0817974
114300 0.705509
114400 -0.925567
114500 0.81805
114600 1.25327
114700 0.76659
114800 -1.38655
114900 -0.544137
115000 0.834213
115100 0.559109
115200 -0.442179
115300 -0.004618
115400 -0.174729
115500 1.17449
115600 1.42173
115700 0.704927
115800 -0.264138
115900 -1.54477
116000 -0.178856
116100 0.324727
116200 0.457907
116300 -0.50234
116400 1.08654
116500 0.666921
116600 -0.0800991
116700 -0.275111
116800 0.0146338
116900 0.365774
117000 0.670917
117100 -0.215374
117200 0.289105
117300 0.708936
117400 0.577466
117500 -0.525527
117600 0.268231
117700 0.600098
117800 0.734044
117900 -0.500639
118000 0.00891128
118100 0.685065
118200 0.244926
118300 -0.232907
118400 0.00188221
118500 -0.333945
118600 0.710722
118700 -0.722212
118800 -0.0663903
118900 0.23571
119000 0.0127752
119100 0.310092
119200 0.106229
119300 0.385012
119400 -1.02472
119500 -0.116174
119600 -0.727359
119700 -0.173846
119800 0.221334
119900 0.221711
120000 0.759046
120100 0.237102
120200 1.02404
120300 -0.0206477
120400 -0.0733463
120500 -0.0392238
120600 -1.13496
120700 0.201876
120800 1.34913
120900 0.754312
121000 -0.596463
121100 0.375964
121200 0.7301
121300 -0.90289
121400 0.411974
121500 -0.555033
121600 -0.848085
121700 -0.0892498
121800 0.45984
121900 0.568375
122000 -0.199145
122100 -0.0147411
122200 0.528652
122300 -0.56866
122400 -0.227202
122500 0.119273
122600 0.326472
122700 1.17253
122800 0.176376
122900 -0.904508
123000 -0.451591
123100 -0.30265
123200 1.04651
123300 -0.56168
123400 -1.58858
123500 -1.12922
123600 -0.345168
123700 -0.0863589
123800 -0.740588
123900 0.0222083
124000 0.254842
124100 0.0349154
124200 0.393423
124300 -0.23975
124400 -1.17899
124500 0.00505348
124600 0.0493689
124700 -0.44515
124800 -0.0568436
124900 -0.635537
125000 0.937248
125100 1.17659
125200 -0.526945
125300 0.0403701
125400 0.260997
125500 -1.19586
125600 0.787713
125700 0.703613
125800 0.434912
125900 0.190311
126000 -0.534268
126100 -0.284114
126200 -0.422765
126300 0.259576
126400 0.504974
126500 -0.304628
126600 0.314482
126700 -0.766084
126800 -0.218298
126900 -0.324094
127000 0.594327
127100 0.334663
127200 0.126615
127300 -0.189622
127400 -0.53319
127500 -0.828122
127600 -0.399035
127700 -0.343956
127800 0.255999
127900 0.331233
128000 0.216135
128100 0.634607
128200 0.903963
128300 0.636175
128400 -0.219266
128500 -1.18012
128600 -0.256594
128700 -0.728798
128800 0.180894
128900 0.738262
129000 0.449
129100 1.22276
129200 0.330338
129300 -0.122671
129400 0.545961
129500 -1.20143
129600 0.493753
129700 0.309572
129800 -0.236554
129900 0.247539
130000 -0.00805088
130100 -0.606828
130200 -0.244719
130300 -0.524066
130400 0.329913
130500 -0.0791884
130600 -0.112206
130700 0.726413
130800 0.507576
130900 0.00293395
131000 0.0298259
131100 -0.349575
131200 -0.0945941
131300 0.587523
131400 1.06335
131500 -0.687804
131600 0.0124121
131700 -0.085638
131800 0.54422
131900 -0.364463
132000 0.242268
132100 -1.08453
132200 0.00214195
132300 0.300191
132400 -0.580724
132500 -0.68963
132600 0.594098
132700 0.662883
132800 -1.23029
132900 0.638315
133000 0.205811
133100 -0.704178
133200 -0.425257
133300 0.587836
133400 0.15297
133500 -0.60693
133600 -0.540287
133700 0.519751
133800 -1.20585
133900 -0.77759
134000 0.934925
134100 0.192402
134200 -0.314836
134300 1.15397
134400 -0.66556
134500 -1.82831
134600 -0.755057
134700 1.74322
134800 0.0555722
134900 -0.88576
135000 -0.399655
135100 0.508577
135200 1.04939
135300 -0.298478
135400 -0.52453
135500 -1.42585
135600 -0.95401
135700 0.0371497
135800 -0.389941
135900 0.325826
136000 -0.124732
136100 0.222969
136200 -1.12776
136300 -0.0142654
136400 0.701618
136500 -0.132807
136600 -0.0453108
136700 -0.184786
136800 -0.00649143
136900 -0.136687
137000 0.49033
137100 1.12928
137200 -0.262953
137300 -0.416589
137400 1.21231
137500 -0.547662
137600 -0.495925
137700 -0.109699
137800 -0.919144
137900 1.29923
138000 1.15112
138100 -0.371575
138200 -0.519866
138300 -0.586291
138400 -0.123572
138500 -0.407121
138600 0.555835
138700 1.10988
138800 0.904288
138900 -0.981812
139000 -0.390465
139100 -0.276204
139200 -0.394334
139300 0.70395
139400 -0.128486
139500 -1.75903
139600 -0.0574663
139700 -0.532851
139800 -0.609109
139900 -0.145096
140000 0.145227
140100 0.111302
140200 -0.659699
140300 -0.69705
140400 1.01765
140500 -0.484678
140600 0.552484
140700 -0.259063
140800 -0.396724
140900 -0.220283
141000 -0.253722
141100 0.258848
141200 0.231727
141300 -0.17585
141400 0.37382
141500 -0.279638
141600 0.0030181
141700 -0.535518
141800 -1.04191
141900 0.773974
142000 0.585507
142100 -0.839714
142200 -0.758444
142300 -0.546155
142400 0.280115
142500 -0.748054
142600 0.107742
142700 -0.0544632
142800 -0.925374
142900 -0.296589
143000 0.0359538
143100 0.155006
143200 0.589355
143300 0.758063
143400 -0.992729
143500 -1.13962
143600 -0.00114869
143700 -1.4548
143800 0.66456
143900 1.02517
144000 0.0396385
144100 0.877926
144200 0.567864
144300 -0.458803
144400 -0.0886961
144500 -1.69779
144600 0.356781
144700 -0.00444828
144800 0.452374
144900 0.362577
145000 -0.221363
145100 -1.28153
145200 0.907268
145300 0.202012
145400 -1.53975
145500 -0.781473
145600 -0.205122
145700 0.495604
145800 -0.0696905
145900 -0.677289
146000 -0.258327
146100 -0.505286
146200 -0.872137
146300 0.37008
146400 -0.23476
146500 -0.56214
146600 -0.211877
146700 0.798579
146800 -0.957409
146900 -0.337734
147000 0.715397
147100 -1.23036
147200 0.0123408
147300 0.794147
147400 -0.38478
147500 -1.20407
147600 -1.31387
147700 -0.0129918
147800 0.898163
147900 0.65982
148000 -0.906309
148100 -0.292801
148200 -0.469696
148300 0.448657
148400 -0.804685
148500 -0.308004
148600 0.662443
148700 -0.442914
148800 -0.900212
148900 -0.275165
149000 0.261859
149100 0.49509
149200 0.991795
149300 -0.248267
149400 -1.64253
149500 -0.630732
149600 -0.56234
149700 0.205899
149800 -1.64017
149900 -0.227715
150000 0.919208
150100 -0.151666
150200 -1.70342
150300 -0.355317
150400 0.46725
150500 0.246649
150600 0.835272
150700 -0.693696
150800 -0.956557
150900 -0.295046
151000 0.843599
151100 -0.0324507
151200 0.701943
151300 -0.780077
151400 -1.00966
151500 0.543092
151600 0.125025
151700 -0.550688
151800 -0.21372
151900 0.740173
152000 0.857149
152100 0.00717961
152200 -1.48909
152300 -1.00033
152400 0.33977
152500 0.0490943
152600 0.232652
152700 -0.536139
152800 -1.12959
152900 -1.13071
153000 -0.650688
153100 0.816899
153200 -0.0703695
153300 -0.207982
153400 0.258643
153500 -0.328131
153600 0.0772627
153700 0.04227
153800 -1.18733
153900 -0.0804736
154000 0.453131
154100 0.27861
154200 -1.53701
154300 -1.45109
154400 0.314992
154500 0.203937
154600 -0.86972
154700 -0.280456
154800 -0.488437
154900 -0.163093
155000 1.29238
155100 -0.000123567
155200 -0.048858
155300 -0.4906
155400 0.170892
155500 -1.4452
155600 -1.16413
155700 0.698958
155800 -0.0654197
155900 -0.568138
156000 -0.00991807
156100 -0.525082
156200 -1.11959
156300 0.650818
156400 0.6263
156500 -0.141178
156600 -0.361727
156700 -0.434263
156800 -0.423311
156900 0.381486
157000 0.776586
157100 0.100137
157200 -0.306618
157300 -0.689031
157400 -1.07344
157500 -0.15779
157600 0.0887756
157700 0.15546
157800 0.304183
157900 -0.168808
158000 -1.08006
158100 -1.36012
158200 -0.893447
158300 0.73219
158400 1.67066
158500 -0.558832
158600 0.261251
158700 -0.254272
158800 -0.0928131
158900 -0.556942
159000 0.0487748
159100 -0.299797
159200 -0.478918
159300 -1.00444
159400 -0.408874
159500 0.21592
159600 0.645957
159700 0.529445
159800 1.91626
159900 -0.382804
160000 -2.53876
160100 -0.543186
