-0.0396	4.91352
0.0921	5.1669
0.1922	6.0308
0.1331	4.6898
0.2368	4.30796
0.1106	4.86853
0.285	4.03035
0.4449	3.73906
0.3023	3.64756
0.261	2.95915
0.4666	4.26295
0.4838	3.30592
0.3993	3.29526
0.4211	3.71114
0.3542	3.4697
0.4414	2.67108
0.3442	2.14103
0.2854	1.47849
0.3369	2.47772
0.71	3.78317
0.6042	4.85829
0.6365	4.79094
0.3219	5.04511
0.6338	4.92445
0.4724	5.23293
0.4489	4.82744
0.6104	4.88899
0.5406	5.03271
0.3996	4.01351
0.6424	4.88762
0.5673	5.11258
0.4092	5.16559
0.4674	5.79757
0.428	5.25355
0.4757	5.3029
0.5162	6.07979
0.5268	5.60736
0.4861	6.37407
0.7069	6.31969
0.4297	6.75627
0.7361	6.44391
0.4756	6.73879
0.4996	5.93291
0.5009	6.85462
0.4552	6.19097
0.5328	5.46795
0.4069	5.26984
0.5058	5.13067
0.3613	5.02442
0.5278	4.99884
0.3595	5.79397
0.5848	5.29075
0.6711	5.70312
0.6282	5.64715
0.5356	5.62402
0.3634	5.22687
0.5815	4.97803
0.5092	5.31022
0.6754	5.51582
0.6695	5.69939
0.6185	6.00341
0.5861	4.91786
0.7182	5.7879
0.7597	6.70387
0.7532	7.20029
1.038	8.46184
0.5847	7.43067
0.6586	6.25088
0.6593	6.06624
0.6106	6.30341
0.674	5.88379
0.5694	6.17198
0.5552	5.66872
0.6534	6.22354
0.851	5.62119
0.5318	5.75481
0.5472	5.90711
0.3983	5.51849
0.6042	5.45839
0.5839	5.6418
0.7983	6.16415
0.8355	6.64505
0.5473	6.64341
0.5696	5.42834
0.5442	5.5909
0.6004	5.04529
0.6133	6.09615
0.638	5.47271
0.8596	6.71774
0.4746	6.3095
0.833	5.84001
0.6955	6.04419
0.8076	6.91479
0.8901	7.28645
0.8224	7.33503
0.6276	7.13896
0.744	7.21424
0.7144	6.48387
0.6996	6.58899
0.604	5.45012
0.7495	5.91709
0.5545	5.6153
0.6876	5.90729
0.5964	6.33688
0.7484	7.13023
0.7415	6.90179
0.7698	6.43822
0.7307	5.92488
0.9199	7.27113
0.725	7.54139
0.5388	6.46014
0.6361	6.41163
0.7339	5.963
0.5879	6.67247
0.857	6.49617
0.6638	7.06008
0.7623	6.96237
0.7383	6.452
0.7197	6.7756
0.8115	7.41916
0.8889	7.93517
0.7314	7.38298
0.7566	7.71403
1.0536	7.86823
0.7694	7.95233
0.8661	7.9007
0.9232	8.22248
0.9033	8.12043
0.9138	8.58288
0.8981	8.83488
0.8851	8.75564
0.8661	7.76694
0.8008	7.87732
0.852	7.68416
0.8462	7.89721
0.8323	7.94888
0.7931	7.21694
0.744	7.93291
0.7219	7.20142
0.6855	7.25938
0.8268	6.93199
0.9157	7.42198
0.7267	7.52
0.893	8.39636
0.8712	8.00854
0.9786	8.60225
0.9239	8.64266
1.0301	8.6372
0.8387	8.50481
0.9091	8.80653
0.835	8.46786
0.686	7.5664
0.9671	7.57624
0.9045	8.1277
0.9948	8.29981
0.7954	8.94966
1.1744	8.5693
0.6094	8.95597
0.8684	8.93171
0.9352	8.31652
1.0556	8.45556
0.9407	7.85348
0.7097	8.6958
0.9169	8.37208
0.7858	8.12305
1.0095	8.23175
0.772	8.30721
0.8731	8.84677
0.97	8.95454
0.8041	9.01614
1.0861	8.59128
0.9444	8.25712
0.7449	8.30203
0.7702	8.3033
0.9239	8.97564
0.9216	8.72435
1.1109	9.1632
1.1279	9.53864
0.8023	9.45539
0.808	8.96058
0.9222	9.04106
0.9338	8.45677
0.9174	8.59511
0.996	8.91412
0.8046	9.62437
1.1338	9.2394
0.9987	10.1908
1.2323	9.82831
0.9409	9.74711
1.0213	9.47528
0.7939	9.57266
0.9722	8.79661
0.8972	8.686
0.9422	9.26744
1.031	9.2863
0.9641	9.20642
1.035	9.32261
0.9817	9.12895
0.9847	9.32125
1.141	10.1473
1.2409	9.74064
0.9942	9.57677
0.8984	9.12872
0.9477	9.56018
0.79	8.36488
1.1572	9.45866
0.9645	10.5827
1.3614	10.3868
1.086	10.4261
1.0251	11.247
1.1756	10.4743
1.0595	10.2071
0.9206	9.97979
1.0712	10.4125
1.0185	9.98103
0.9576	9.92262
0.9951	9.64334
1.0026	9.43874
1.0671	9.86776
1.0004	9.54433
1.139	10.0695
1.0954	10.2908
0.9112	10.8881
1.0434	10.5027
1.0451	9.4358
0.888	8.91234
1.0678	9.71062
1.136	9.71816
0.9985	10.0846
0.9317	10.2102
0.9208	9.25865
1.0826	9.70088
1.0376	10.0655
1.1056	9.75801
1.0372	10.0402
0.9295	9.5495
0.8553	9.03032
1.024	9.21983
0.8014	8.89022
0.7997	9.18535
1.0654	9.87274
0.8687	9.28659
1.1631	10.2043
1.0117	10.1208
1.0534	10.6867
1.1122	10.5538
1.0878	10.5487
1.0162	9.97963
0.9528	9.93972
1.012	9.85849
1.0337	10.1505
0.8657	9.91491
1.2034	9.77434
0.9224	10.0084
1.0807	9.98893
0.9629	10.1931
1.0665	10.5154
1.2129	10.3068
1.0499	10.994
1.0996	10.2802
1.1889	10.223
1.026	10.9071
1.1792	10.5594
0.9055	10.7284
1.0199	10.2661
1.0799	10.1035
0.7675	9.98547
0.948	9.8113
1.0724	9.87863
0.8669	9.86662
0.8963	9.16395
0.94	8.99591
0.7872	8.0472
0.8185	8.11393
0.8294	9.01391
0.7019	9.22849
1.0428	9.29617
0.9594	9.95431
1.115	10.033
1.0019	10.4382
1.2376	11.5706
1.1118	11.4604
1.2333	11.4526
1.2032	12.3967
1.229	12.4127
1.1796	11.6406
1.062	11.5671
1.0622	11.4409
1.0181	11.0885
1.0993	11.7236
1.2403	11.5037
1.0267	11.2352
1.0208	11.286
1.0085	11.0887
1.2021	11.1246
0.9511	10.9811
1.2409	11.1074
1.0461	11.7044
0.9776	11.4004
1.1	11.0353
1.0415	10.7029
1.233	11.1248
1.0607	11.2346
1.1577	11.2597
1.0888	11.4899
1.0037	11.3667
1.1657	11.2614
1.3487	12.4407
1.3161	12.7508
1.1626	12.5108
1.1426	12.6851
1.2075	12.8168
1.1569	12.9618
1.0841	12.3302
1.5744	12.583
1.2945	12.8895
0.9484	12.293
0.9491	12.1297
1.0493	11.7987
1.1645	12.534
1.6178	13.4631
1.0709	12.9576
1.212	12.6812
1.238	13.0502
1.3289	13.0852
1.2755	12.1199
1.4074	13
1.4182	13.2958
1.1624	12.9557
1.2195	12.8896
1.4062	12.787
1.225	12.5015
1.3327	12.8128
1.2623	13.1624
1.3088	12.6142
1.1327	12.9186
1.2886	12.3516
1.3638	13.3769
1.5776	13.3803
1.33	13.6773
1.7365	13.9191
1.551	14.6612
1.4693	14.0449
1.6609	14.2391
1.4336	14.0193
1.494	13.3983
1.4247	13.8872
1.606	13.7717
1.3931	13.7935
1.3448	13.759
1.5293	14.8505
1.4513	14.1938
1.4237	13.93
1.3004	13.7724
1.5487	13.6483
1.6001	13.8567
1.5146	13.6543
1.5254	13.0051
1.4515	13.0611
1.5793	13.9201
1.5345	13.6817
1.6839	13.9225
1.583	13.81
1.6635	14.7416
1.8931	15.579
1.8711	14.7038
1.655	14.1944
1.7407	14.4103
1.6989	14.1102
1.8419	13.6674
1.8109	13.7946
1.8525	13.7538
1.7442	13.9037
1.868	14.2663
1.8821	14.1872
1.8385	13.9761
2.1047	14.4797
1.643	14.7543
2.0099	14.6115
1.8722	14.105
1.8885	14.0975
1.907	14.01
2.1292	14.1277
1.8429	13.997
1.7367	14.339
1.9759	14.4109
1.7175	13.3292
1.8793	13.4481
1.7834	13.6262
1.9704	13.6096
1.9602	14.1681
1.9108	14.3628
1.9332	14.3032
1.8666	14.4898
1.9785	14.8273
1.8395	15.3613
1.9154	15.0405
1.6782	14.7833
1.9302	14.5756
1.7569	14.7537
1.928	15.3313
1.7186	15.2434
1.8859	14.9227
1.7768	15.4795
1.9158	15.5197
1.797	15.4944
1.7316	15.388
1.869	14.9165
1.6653	15.9901
1.8615	15.7191
1.9017	15.1239
1.758	15.1851
1.9239	15.8063
1.7496	15.8556
2.0623	15.8254
1.5873	16.1761
2.1762	16.6118
1.7837	16.4917
1.9487	17.0655
1.9235	16.1892
1.9083	16.2671
1.8796	17.0954
2.0094	17.3346
2.0825	17.8535
2.1073	18.2387
1.9465	17.6813
2.0895	17.0917
1.9086	17.7982
2.2171	18.5092
2.0571	18.6349
2.2329	18.4188
1.9454	18.1185
1.8966	17.9821
2.1224	17.7957
2.094	17.6571
1.7286	17.9233
2.3514	18.306
2.0623	18.3657
1.8764	18.76
2.0805	18.6882
2.0509	18.4581
2.114	19.0098
2.1633	18.7366
2.1991	19.3497
2.1517	20.2735
2.1362	19.3741
2.2123	19.3504
2.1272	19.5753
2.1528	19.4027
2.2702	19.3081
2.0394	19.8662
2.2997	20.6154
2.5031	21.042
2.072	20.9663
2.5021	21.4105
2.0549	20.9278
2.4022	20.3635
2.1189	20.3397
2.184	20.7597
2.4599	21.4351
2.2994	20.907
2.1601	21.3824
2.3964	21.3097
2.2692	20.947
2.2193	20.8724
2.3325	21.0814
2.3455	21.3937
2.6016	21.0563
2.2461	20.9835
2.534	21.372
2.6013	21.3673
2.5181	22.6548
2.7185	23.1373
2.5497	22.1919
2.8259	21.8093
2.4615	21.8207
2.5896	22.5798
2.7496	23.1361
2.6262	22.9512
2.6986	22.6382
2.5509	22.6252
2.7143	23.1006
2.6696	24.0098
2.7101	24.2538
2.7378	24.2487
2.7313	23.646
2.7492	23.7245
2.5112	22.8798
2.9719	23.4844
2.723	23.4336
2.8054	22.8542
2.7224	23.0139
2.9477	22.9099
3.1019	23.5461
2.702	23.5667
2.9609	22.0051
3.0116	21.3068
2.847	21.0582
3.0242	20.9918
2.9577	21.3915
3.1912	20.7299
3.0033	20.6546
3.3857	20.1266
3.1652	19.4584
3.3457	19.3748
3.5687	20.2915
3.563	20.8279
3.7713	19.628
3.5443	21.0557
3.7915	20.3135
3.9515	19.4817
3.8466	18.9842
4.0432	18.6164
3.9578	17.9553
4.3512	18.3942
3.9797	17.8501
4.2707	16.2394
4.3721	16.4426
4.3369	16.8595
4.4848	16.2579
4.5784	16.377
4.7709	15.9325
4.7035	14.9992
4.9734	15.1799
4.7702	15.4809
5.255	14.4182
5.2484	14.3372
5.4557	12.9453
5.6981	12.3815
5.8531	11.6398
5.8963	12.4351
5.967	11.8659
6.087	11.6462
6.5323	12.0695
6.4934	11.9921
6.7531	12.5769
6.7446	12.5397
6.9101	12.723
7.1636	12.7904
6.9935	13.0083
6.9464	12.9066
7.559	11.8006
7.1152	11.8255
7.2797	13.2186
7.4165	13.0846
7.6432	10.8231
7.613	10.8087
8.0863	8.80716
8.4554	8.81163
8.5142	6.75251
8.7136	6.00611
9.2814	6.11266
9.4589	6.08402
9.6795	5.95704
10.059	4.18516
10.4344	2.94763
10.5514	1.84668
11.1453	3.47053
11.1307	2.79618
11.5419	3.25391
12.15	0.633396
12.4378	1.48934
13.0519	1.51858
13.2022	-0.845155
13.555	-1.22539
14.1328	-2.62906
14.1878	-1.73535
14.9427	-1.33244
15.1803	-1.03827
15.3911	-0.627608
15.2645	-0.134414
15.8381	0.214632
15.8092	-0.676929
16.0916	-0.0398919
16.2653	-0.84676
16.6362	-2.24661
16.8209	-2.44944
16.8869	-0.533517
17.2426	-1.9013
17.4164	-1.66035
17.5597	-2.03043
17.7593	-1.41833
17.8197	-0.223601
18.0905	-0.193888
18.1033	-1.66117
18.0807	-2.40298
18.3845	-0.90015
18.5624	-0.750862
18.6726	-1.02844
18.593	-1.27925
18.739	-1.38962
18.7553	-1.9795
18.7326	-0.865573
19.056	0.083988
18.7828	0.133675
19.0181	-0.860369
18.9811	-1.93648
18.9691	-1.09441
18.9741	-0.500028
18.9115	-1.02262
18.6993	-0.408013
19.0585	-0.16758
19.0158	-0.901818
18.9746	-0.956841
19.0327	-0.599202
19.2242	-2.47204
19.1046	-1.13777
18.991	-0.658381
19.1466	-0.612455
19.2507	-0.797373
19.3027	-0.530552
19.3486	-0.58412
19.2088	-0.416032
19.198	-0.661744
19.4891	-0.442661
19.5416	-0.714664
19.7195	-0.663594
19.595	-0.794982
19.5636	-1.67783
19.7986	-0.749282
20.0157	-0.721722
19.9572	-0.922925
19.807	0.531595
20.0517	-1.50424
19.9351	-1.79511
20.2301	-1.08412
20.259	-1.03043
20.6282	-0.213423
20.3548	-0.315292
20.5949	-0.844907
20.805	-0.997183
20.7403	-0.203147
21.1375	-0.853417
21.172	-1.46899
21.3434	-0.589958
21.4557	-1.00516
21.704	-1.65931
21.3091	-0.804405
21.5858	-0.543108
21.5737	-1.32067
21.8126	-0.586348
21.9675	-0.709674
22.1552	-1.51438
21.9555	-1.30684
21.6928	-0.0223923
22.1564	-1.27129
22.2052	-1.34896
22.4595	-1.56897
22.0433	-1.06218
22.238	-1.26517
22.5613	-1.51327
22.6068	0.988901
22.2354	0.238255
22.4335	0.270979
22.4504	-0.37784
22.3317	-0.842544
22.2842	-0.4426
22.5833	-0.620404
22.3126	-0.783265
22.4477	-1.50226
22.4827	-0.976337
22.5728	0.603604
22.4847	-1.24984
22.7028	-1.2781
22.371	-0.448632
22.5832	-1.29009
22.5911	-0.0775197
22.3678	-0.0237106
22.4869	-1.24968
22.65	-0.23141
22.5483	0.446312
22.4924	-0.343609
22.561	-1.86184
22.544	-2.01076
22.3293	-0.814819
22.6633	-0.128761
22.5637	-0.627434
22.3181	-0.311482
22.2222	-0.377815
22.9753	-0.880609
22.8493	-0.727695
22.7803	-0.773105
22.847	-0.744244
23.109	-1.56463
22.9937	-2.23826
22.953	-1.82773
23.1875	0.212721
22.9797	-0.784356
22.8433	-1.4463
23.0671	-1.37279
23.242	-0.34391
23.1264	0.0772487
22.8594	-0.635379
23.1781	-0.590314
23.067	-0.755063
23.1631	-0.64265
23.3296	-0.0178451
23.0833	-0.351938
23.4181	-0.292934
23.2502	-1.1059
23.4194	-0.213418
23.0844	-0.681073
23.3998	0.254001
23.0068	-0.0213847
23.226	-1.18872
23.6518	-0.375068
23.4493	-0.106398
23.7213	-0.187579
23.8887	-0.277404
23.36	-0.830011
23.7007	-0.669846
23.7891	-0.237076
23.8169	-1.28856
23.666	-1.61675
23.7591	-0.392514
23.6593	-0.39747
24.022	-0.437476
24.115	-0.642177
23.9428	-0.408453
24.1336	-0.489682
24.3591	-0.96688
24.0431	-0.434411
24.3738	-0.265427
24.1106	-0.590698
24.6651	-1.40742
24.2228	0.328043
24.5075	-0.0334608
24.7828	-1.00075
24.5139	-0.213453
24.6552	-0.264518
24.6468	-1.4017
24.4351	-0.681562
24.8754	-0.771929
24.5283	0.406965
24.6252	0.463493
24.7462	-0.479971
24.6949	-1.1247
24.461	-1.75835
24.4921	-0.62262
24.3656	1.01589
24.4064	0.0985715
24.2956	1.04774
24.1154	-0.377474
24.2643	-0.274795
24.4296	-0.737972
24.4209	0.132351
24.4047	1.20437
24.3128	-0.109694
24.9845	-0.354428
24.6061	1.48761
24.7614	-0.350064
24.7369	-1.73867
25.0093	-0.943224
24.7413	-0.0164349
24.9436	-0.54218
24.7816	-0.204831
24.887	0.00121922
24.9138	0.0802231
25.1918	0.590866
25.1069	-1.20321
25.0716	-0.0499187
25.0721	-0.587069
25.3446	-0.516595
25.3677	0.527342
25.3419	0.629346
25.356	-1.91585
25.126	-0.458273
25.5385	-0.186812
25.4913	-1.04494
25.3264	0.130411
25.5117	0.104792
25.2785	-1.11158
25.6638	-1.56392
25.7862	-0.216341
25.4342	0.178281
25.5757	0.0394222
25.5687	-0.903721
25.3392	-0.144649
25.5213	-0.606858
25.6466	0.152879
25.5558	0.795719
25.9088	0.191156
25.518	-0.380923
26.2387	-0.73134
26.1304	-0.413044
26.0993	-0.851553
26.1809	-0.875488
26.1888	-0.826484
26.0671	-0.170383
26.3718	-1.04628
26.4605	0.00279224
26.0971	1.03664
26.4551	-0.32504
26.4026	-0.601428
26.4252	-2.11514
26.3073	-1.19436
26.5756	0.21638
26.4191	0.309682
26.4117	-1.28729
26.2329	-1.17753
26.3882	0.722439
26.3399	0.523391
26.5922	-0.248283
26.4886	-1.18521
26.9818	-0.835928
26.4821	0.544338
26.5537	-0.601814
26.5679	-0.255261
26.6079	0.376265
26.8641	-0.0717298
26.5083	0.164414
26.7712	-1.43536
26.7177	-0.135952
26.8229	-0.00266045
26.8554	0.169703
26.8985	-0.213812
26.7405	-1.4166
26.9546	-0.289025
26.8896	-0.877071
26.9445	-0.126456
27.0353	-0.900311
26.8832	-0.683016
27.2392	-0.159224
27.0363	0.141853
27.2959	0.582404
27.0545	0.626064
27.2925	-1.30616
27.6053	-2.34896
27.1631	-0.860313
27.4127	0.338472
27.5784	-0.401143
27.4904	-0.348032
27.6386	-0.613779
27.6978	-0.412577
27.4795	0.353323
27.3633	-0.632282
27.6548	-0.534072
27.5725	0.598652
27.3122	-0.262301
27.506	-0.494495
27.5336	-0.416102
27.6687	-1.1031
27.4803	0.115092
27.6728	0.557359
27.9305	0.00983261
27.6106	-1.14901
27.5706	-0.57309
27.9469	-0.897929
27.8068	-0.815479
27.914	-0.538243
27.7452	0.181302
27.8156	0.559739
27.7534	-0.298186
27.924	1.06654
28.0945	-0.944006
28.0053	-0.685793
28.0713	-0.377508
28.1542	-0.629214
28.1472	-0.377518
28.3827	0.358602
28.1655	0.737921
28.433	0.231517
28.4695	-0.941523
28.5615	-0.493275
28.4936	-0.758694
28.3578	-0.928761
28.654	-0.756036
28.3567	-0.962046
28.489	-0.187101
28.4117	0.587855
28.6847	0.30268
28.7685	0.244848
28.6044	-0.763219
28.9836	-0.305763
28.6319	-0.538588
28.6671	-0.387309
28.6526	-0.253003
28.4744	-0.268955
28.7087	-0.288673
28.662	-0.0482648
28.6512	-1.03087
28.5705	0.51883
28.7126	0.624059
28.4273	-0.269415
28.8773	-0.975205
28.5188	-0.748583
28.5709	-0.413703
28.9118	0.225999
28.9414	0.548226
28.5733	-0.196624
29.0536	-0.588736
29.0044	0.183418
28.8666	-0.189714
29.1583	-1.03566
29.2946	-0.726213
29.1296	-0.697958
29.407	-0.601275
29.3991	-0.133372
29.3884	-0.133032
29.5092	-0.191906
29.6004	-0.44992
29.5531	-0.741042
29.3259	-0.643407
29.4625	-1.14504
29.5815	-0.190689
29.7768	-0.279585
29.5284	-2.01937
29.7174	-0.150712
29.4624	0.76743
30.0256	0.23484
29.6065	-0.56867
29.8263	-0.0211233
29.8301	-1.46514
29.6715	-0.608984
29.7396	-0.335749
29.5702	0.627442
29.64	0.163296
29.8247	-0.632663
29.5961	-0.312093
29.6196	-0.403504
29.6738	0.093664
29.7803	0.322884
29.7538	-0.228238
29.8373	-0.727261
29.6829	-0.999211
29.5743	-0.665458
29.8888	-0.0749412
29.825	0.654361
29.6179	0.0480341
30.1127	-0.827047
30.281	-0.121463
29.993	-0.218863
30.3252	-0.638156
30.2294	-0.469306
30.4423	0.351106
30.227	-0.165751
30.1823	-0.413911
30.3294	-1.81984
30.3144	0.301788
30.4232	0.555847
30.2819	0.0794596
30.4375	-1.23526
30.6657	-0.147861
30.7939	0.00319621
30.8506	-1.92812
30.7939	-1.60879
30.8417	-0.845794
30.8137	-0.239091
30.7489	0.0883856
30.9597	0.94891
30.9898	-0.535829
30.8383	-1.07995
30.9548	-1.36469
30.8794	-0.447461
30.9277	0.143874
30.9972	-0.366504
30.9563	-0.568753
31.2153	-1.78875
31.2216	-0.465633
30.7119	0.320494
30.89	-0.294623
30.7142	0.450424
31.2249	0.294596
31.2657	-0.780633
31.3052	-0.910937
31.1771	-0.754877
30.9732	-0.635671
31.332	-0.659226
31.3227	0.220001
31.1745	-0.271004
31.188	-1.18777
31.326	-0.983676
31.6816	-0.0204348
31.463	0.280114
31.1482	-0.311602
31.4643	0.327417
31.6831	0.532749
31.7931	-0.650518
31.7467	-0.779855
31.8574	-0.570371
31.9307	-0.719091
31.7331	-0.489794
31.7634	-0.712971
31.758	-1.30931
31.6931	-0.864367
31.7392	-0.805797
31.7408	-0.00993619
31.8972	-0.190696
31.76	-0.138874
32.0235	-0.0966035
32.0488	0.630186
31.6916	-0.808838
31.752	-1.03984
31.8642	-0.0505639
32.3198	-0.201361
32.0758	-0.51287
32.1604	-0.567036
32.0773	-0.737835
32.3794	-0.709766
32.4947	-0.567571
32.3736	-0.0951578
32.1846	-0.260973
32.3433	0.0704315
32.6311	-1.03559
32.5273	-0.451938
32.5321	0.650286
32.1354	0.51753
32.4233	-0.341757
32.5882	0.39077
32.5788	0.830476
32.5122	-1.45313
32.6108	-2.10195
32.9414	-0.555608
32.9216	-0.0202535
33.0472	-1.02826
32.8062	0.0997609
32.6617	0.628066
32.5261	-0.456274
32.7357	-1.024
32.6208	-0.269625
32.8797	-0.132543
32.7817	-0.211577
32.8079	-0.471029
32.8361	0.122102
33.1696	-0.438047
33.2893	0.212019
32.894	-1.10662
33.1983	-1.87605
33.3043	0.0346871
33.0583	0.388159
32.9932	-0.510284
33.0995	-0.325356
33.159	0.0522664
33.0895	-0.24423
33.2487	0.0783243
33.2098	-0.247763
33.2178	-1.60119
32.9282	-0.651131
33.2433	0.56883
33.4056	1.55214
33.4206	1.33301
33.3341	-0.411497
33.4848	-0.662432
33.8967	-1.53485
33.7942	-0.570799
33.8779	-0.47145
33.8923	-1.00593
34.063	-0.356649
33.8514	0.245701
33.7916	-1.0893
33.8883	-1.21764
34.0018	-0.344666
33.993	0.0647554
33.9154	0.407756
33.9036	0.499927
33.9072	0.188258
34.0209	-1.29438
33.9098	-1.33248
34.2567	-0.908761
34.2383	0.957194
34.2479	-0.480279
34.1567	-0.045551
34.3075	-0.366714
34.294	0.476957
34.1333	-0.20715
34.1274	-0.384904
34.3469	0.0391752
34.2464	-0.371762
34.2171	-0.283067
34.2225	-0.438251
34.1959	-0.485393
34.3458	-0.587835
34.2969	0.6307
34.4291	0.325856
34.2923	-0.997562
34.2666	-0.514042
34.298	0.198225
34.614	-1.23872
34.6031	-0.685847
34.5094	0.690028
34.8814	-0.0116197
34.3755	-0.624638
34.6984	0.207208
35.0011	0.340191
34.7426	-1.00439
34.8429	-0.893536
34.6423	-0.341056
35.0229	0.450566
34.9332	0.429502
34.9185	0.624522
35.0197	-0.497407
35.285	-1.19894
35.0969	-0.140651
35.4769	0.228433
35.2731	-1.07114
35.0644	-0.705386
35.0912	0.051589
34.9756	-0.933808
35.0652	-0.103516
35.138	0.375687
35.0025	0.149708
35.0424	-0.854129
35.0414	0.053872
35.2674	-0.259438
35.2558	-0.165496
35.3709	-0.688843
35.2992	-0.118793
35.353	-0.393544
35.5226	0.412909
35.5528	0.262471
35.3835	-0.319948
35.4214	-0.33287
35.463	-1.12857
35.6043	-1.69948
35.6232	-0.723843
35.524	0.636585
35.6279	0.977574
35.68	-0.215071
35.6808	-0.883486
35.6641	-0.683149
35.8596	-0.322758
35.821	-0.426168
35.674	0.290877
35.8339	0.135706
36.0429	0.408392
35.609	0.172362
35.7996	-1.41621
35.8961	-0.447499
36.1244	-0.158411
36.2233	0.196744
36.2183	1.00088
36.5617	0.083155
36.2846	-1.73287
36.4346	-1.62332
36.2657	-0.36325
36.6953	-0.649791
36.3484	0.674512
36.5107	-0.0982849
36.3018	0.850853
36.0321	0.102498
36.7065	-0.56202
36.5856	-0.193781
36.5615	0.627981
36.2352	-0.00181768
36.5604	-1.5657
36.4628	0.210051
36.3508	-0.612774
36.5033	-0.3298
36.4499	0.895277
36.2944	-0.369539
36.3536	-0.0146412
36.6686	0.212018
36.4749	-0.886849
36.9308	0.480734
36.6656	-0.0398491
36.9914	0.331499
36.7131	-0.308191
36.8123	-0.0240982
36.9702	0.615655
36.9569	0.470324
36.9744	-0.982472
37.2219	0.00115325
37.007	0.0214082
37.3468	-0.501134
37.2184	-0.336191
37.3586	-1.17173
37.0572	-0.718967
37.4947	0.677161
37.6449	1.99619
37.5461	-0.280155
37.539	0.586908
37.4503	-1.57971
37.8233	-0.755272
37.6071	-0.710741
37.7073	-0.721843
37.5453	-1.37932
37.6181	0.247766
37.6542	1.17821
37.5897	-0.215099
37.2858	-0.0353353
37.4603	0.42507
37.7598	0.686782
37.5565	0.401146
37.6647	-0.970319
37.5538	-1.16791
37.6776	0.777032
37.5453	0.700297
37.6603	-0.191303
37.7719	0.535545
37.8054	0.0848757
37.5704	0.133456
38.0833	0.484722
37.7437	-0.905708
37.9433	-0.808672
37.9743	0.288297
38.0764	-0.104334
38.0314	0.103768
38.2757	0.981087
37.9328	-0.250902
38.4265	-0.566084
38.344	-0.903299
38.2958	-0.287359
38.438	0.648054
38.2385	-0.184739
38.6428	-0.81377
38.3104	-1.35729
38.6498	0.66658
38.0965	0.614021
38.6939	0.751541
38.3479	-1.08455
38.337	-0.753491
38.6899	0.133364
38.2824	-0.622224
38.6317	-0.560795
38.5694	0.753254
38.6839	-1.40045
38.5726	1.11311
38.56	0.760647
38.5713	-0.891389
38.6231	-1.75451
38.6832	-0.364025
38.8687	-0.252006
38.8779	0.437844
38.728	-0.374821
38.6818	-0.87037
38.7678	-0.124618
38.7564	0.291495
38.8183	-0.287664
38.6931	-0.177958
38.9387	-0.737697
38.9268	-0.74333
39.1354	0.818161
38.9571	-0.209835
38.9431	-0.344927
38.9739	-0.533071
38.8913	-0.295714
39.0403	0.79652
39.4127	1.19807
39.1471	-0.750351
39.3317	-1.21919
39.5625	-0.835424
39.3265	0.793652
39.4267	-0.711316
39.4975	-1.11138
39.7861	0.240413
39.6211	-0.107247
39.7098	0.765064
39.8713	-0.887609
39.7793	-0.327056
39.8692	-0.644833
39.9853	-1.0769
39.9986	1.1573
40.0326	-1.50418
39.7693	-1.35911
39.8117	-0.0749182
39.8086	-0.743121
40.0017	0.727824
39.8186	-0.348894
39.7015	0.0774178
39.5053	-0.502523
39.829	-0.495116
39.7027	-0.397113
39.7596	-0.503901
39.305	-0.565503
39.7238	-0.608757
39.7305	0.00583156
39.7535	0.252744
39.5017	-0.46459
39.6678	0.400769
39.9224	-1.01681
39.8039	-0.552783
40.4035	-0.664261
40.08	0.767671
39.9773	-1.85664
40.0919	-2.24044
40.2003	0.530537
40.3495	0.810051
40.3643	-1.09009
40.6191	0.851669
40.285	-0.65888
40.7305	-0.801069
40.6167	-0.467009
40.5848	-1.78195
40.9194	-0.578899
40.9695	-0.715665
40.8946	0.60176
40.9586	-0.0941434
40.7784	-0.970297
41.0538	-1.01439
40.9885	0.25539
40.9525	-0.230258
41.0523	-0.249209
41.5095	0.421134
41.0391	-1.2939
41.2873	-0.903203
41.1215	-0.806837
41.0184	0.217008
40.9816	0.54291
41.1628	0.633928
41.0672	0.939004
40.8903	-0.0893062
40.8608	-1.04262
41.1553	-0.304896
41.4842	-0.375391
41.0655	0.351556
41.0739	-0.405512
41.083	-0.535346
41.1939	-0.432446
41.5898	-0.632181
41.4276	0.861588
41.221	0.465427
41.2365	-0.69009
41.2063	-0.167881
41.5515	-0.069997
41.6069	-0.713737
41.516	-0.0158895
41.4544	1.27808
41.6339	0.064929
41.8003	-0.084618
41.8346	-0.390609
42.0639	-0.348799
42.1702	0.212037
41.962	-0.7353
41.906	-0.220552
42.1751	0.71752
42.1014	-1.88509
42.0896	-0.11168
41.9977	0.516222
42.1139	-0.860391
42.4505	0.508077
42.3288	-0.665401
42.1043	-0.896672
42.146	-0.613553
42.1815	1.13306
42.1906	0.142736
42.3097	0.116993
42.2027	0.712193
42.2124	0.410988
42.2335	0.636559
42.3694	-0.582577
42.3469	-0.428708
42.2571	0.264785
42.3706	0.388809
42.4567	-1.28388
42.4624	-0.027467
42.4381	0.725811
42.4731	0.317513
42.1035	1.02712
42.6561	-0.134651
42.6	-1.01461
42.5277	-0.0252383
42.4612	0.777743
42.7648	-0.914173
42.7031	-0.819878
42.4505	1.46069
42.5764	0.523514
42.8055	0.383404
42.7574	-0.705291
43.1333	-0.145291
42.6397	0.777492
42.8659	-1.03415
43.1127	-0.599368
42.8317	0.213533
42.8934	0.794478
43.0064	-0.493855
43.0621	-0.592737
43.2595	0.69355
42.9478	0.0908266
43.0086	1.16138
43.0813	0.376067
43.1614	0.132193
43.2135	0.349059
43.27	0.640726
43.4925	-1.23163
43.2235	-1.85479
43.1489	-0.839039
43.2862	0.594032
43.5607	0.708414
43.4279	0.316477
43.3028	-0.201285
43.1636	1.31566
43.6235	-0.752628
43.5886	-1.0565
43.501	-0.0124028
43.7017	0.144358
43.8142	0.210463
43.6446	0.866812
43.9069	-0.241746
43.5479	0.313237
43.8342	-0.320284
43.7141	-0.180128
43.9659	0.459197
43.9151	-0.503003
43.9031	-0.227884
43.8053	-0.433218
44.0349	-0.0641495
43.9942	1.26352
43.906	0.276572
43.9889	0.0738339
43.692	-0.211351
44.0736	0.406
43.9857	0.12304
44.0717	0.0988085
43.7599	-0.620167
44.2352	0.226281
44.2424	-0.281805
44.5474	-0.389289
43.9635	0.144094
44.1513	-0.21991
44.3138	-0.436052
44.2894	-0.300514
44.3422	0.551504
44.5674	-0.150049
44.4371	0.166481
44.5058	-0.747379
44.3051	-0.0068919
44.4531	-0.289077
44.5983	-0.339859
44.4157	0.41757
44.7819	0.0405651
44.8169	-1.62081
44.7943	-0.390787
44.7803	1.15645
45.0381	0.248323
44.991	-0.0704221
45.0344	-0.424179
45.1727	-1.07355
45.0307	0.260997
45.2446	0.221682
44.8942	0.229945
45.1069	0.271615
44.9406	0.0553679
45.1629	-0.301422
45.0767	-0.405956
45.3637	1.81836
45.4338	0.179849
45.2621	-0.550418
45.4663	-0.990968
45.2042	-1.29847
45.6741	-0.512657
45.5813	0.99834
45.4365	-0.0526444
45.3631	1.07487
45.2227	-0.0867345
45.5505	0.649435
45.3728	0.222214
45.2849	0.0402238
45.3715	-0.088322
45.4673	0.313381
45.5667	1.25266
45.8232	-0.975403
45.6609	-0.135693
45.4434	0.253339
45.8362	-0.326333
45.736	0.158246
46.0456	-0.78943
45.8484	-1.16401
45.8942	0.293845
45.8368	0.258162
46.0067	0.48829
45.9675	0.57698
45.8737	-0.678743
46.2224	-0.0988085
46.3073	0.0437811
46.0572	0.599991
45.9344	-0.114063
46.1601	-0.334554
46.1099	-0.318335
46.1832	0.495289
46.3884	-1.02601
46.3333	-0.212872
46.2261	-0.0139295
46.3358	0.328515
46.0827	-0.0163304
46.3711	0.097257
46.2165	0.828192
46.1121	0.237212
46.2519	-0.978673
46.3711	-0.0550528
46.368	-0.130592
46.4045	-0.0958556
46.1861	1.02665
46.4959	0.318106
46.3485	-0.262854
46.5694	0.199028
46.4915	-0.159292
46.497	-0.871635
46.6118	0.244359
46.8397	-0.180514
46.546	-1.55963
46.711	-0.846439
46.7431	2.04769
46.5716	1.19652
46.7655	-0.0342642
46.5967	-1.80255
46.713	0.631884
47.1044	0.410932
46.8786	-0.571238
46.8209	0.106743
46.8309	-0.520834
	
