0.0911	6.62365
0.0861	6.38389
0.3748	6.59207
0.241	8.03675
0.4696	7.83025
0.4388	7.79094
0.4506	7.39531
0.3143	6.88851
0.1452	7.02317
0.1798	6.29488
0.2148	6.49507
0.3413	6.12592
0.3627	5.96769
0.1643	6.21109
0.3922	5.62398
0.0679	5.90416
0.4323	5.58344
0.1701	5.60003
0.3218	7.21638
0.4411	6.20665
0.2723	7.08658
0.4117	7.7104
0.6824	8.58168
0.604	9.53471
0.5329	8.48859
0.7034	8.52532
0.6401	7.80336
0.3862	5.91748
0.7372	6.97772
0.6174	6.82916
0.6977	6.79824
0.5199	6.13472
0.6039	5.84828
0.6119	6.9552
0.5436	7.45488
0.5248	8.83344
0.3969	7.81401
0.3508	8.00192
0.4152	9.57993
0.4093	9.00179
0.3247	8.50517
0.2576	7.66347
0.3622	7.79059
0.3514	8.21347
0.5684	8.44392
0.4697	8.58076
0.3077	8.46563
0.6709	7.89089
0.2654	7.49883
0.4556	7.50696
0.3417	8.36206
0.5047	8.03736
0.5108	8.01401
0.4978	8.10518
0.6344	8.33841
0.7348	8.56595
0.7332	7.81383
1.015	7.41289
0.866	7.65442
0.9243	7.16125
1.0104	8.00202
0.949	7.37672
0.8459	7.98601
0.6699	6.81336
0.8782	7.65308
0.8482	7.20661
0.8184	7.213
0.5353	6.95974
0.7949	7.09501
0.8595	7.62231
0.8117	7.3601
0.8205	7.99713
0.8493	8.17557
0.6351	8.11061
0.8027	8.36931
0.9504	8.46109
0.9843	8.43393
0.9455	8.06845
0.8323	8.49193
0.6321	7.77705
0.5446	7.61683
0.8554	7.80062
0.8504	8.21317
0.9121	7.9626
0.9572	8.01051
0.98	8.08854
0.9515	8.66336
1.0842	9.40526
0.9371	9.25383
1.0997	8.9312
1.0278	9.8863
0.8925	9.61741
0.8083	8.57351
1.0737	9.0884
0.9975	8.89693
0.9829	8.38666
0.9133	8.35265
1.0109	8.55339
0.7023	8.25646
0.9508	7.8262
0.9353	8.31011
1.1095	8.56093
0.8551	7.81186
0.9408	8.64747
0.9264	9.05227
0.8569	8.88622
0.9007	7.9708
1.1692	8.56799
0.9253	8.95318
1.0362	9.83537
0.8777	9.59667
0.8343	9.27827
1.0218	9.21144
1.219	9.36967
1.0548	9.44663
1.1898	9.58286
0.9656	9.11153
0.9116	8.82901
0.894	9.41773
1.163	9.68203
0.9287	8.70288
1.0322	8.90099
0.995	9.42772
0.9707	8.90835
0.9876	9.48169
0.9767	9.02799
0.9709	8.76196
1.0801	9.26541
1.1435	9.91647
1.0575	10.6081
1.0795	10.898
1.0258	9.60316
1.11	9.63989
1.0957	9.73454
0.9666	10.0965
1.1892	10.0142
1.013	10.2251
1.0287	9.96467
1.1976	9.83047
0.9546	9.52217
0.985	9.64277
1.1503	9.02688
1.1566	9.48188
0.908	9.51103
1.1693	9.19764
0.9711	10.1639
1.1881	9.37706
1.1991	9.73849
1.1068	10.1082
1.0692	10.4844
1.0682	9.67565
1.2141	10.8729
1.0219	10.538
1.2933	10.0322
1.0698	10.5648
1.3499	10.6835
1.2206	10.1324
1.2987	11.6732
1.0741	11.2933
1.0329	10.0299
1.0642	10.2362
1.0647	9.69411
1.0488	9.59902
1.1172	10.2484
1.0842	10.4452
1.0713	10.1853
0.9707	10.6685
1.141	9.88044
1.27	10.187
1.0842	10.3495
1.3354	10.3642
1.2585	11.0442
1.1072	10.9889
1.0415	10.9772
1.3108	10.7126
1.1789	11.356
1.3356	11.039
1.3103	11.1743
1.2664	10.9603
1.4614	11.5797
1.0487	10.8254
1.3851	10.5839
1.0552	10.9534
0.9996	10.468
1.315	10.8029
1.0366	10.3635
1.1377	10.4479
1.3307	10.9043
1.0852	10.6081
1.1276	11.2111
1.1539	11.3245
1.0696	10.4528
1.1813	10.0983
1.3854	11.2414
1.1375	11.423
1.1012	11.0138
1.1923	11.3487
1.3472	11.7826
1.4084	10.9895
1.03	11.1899
1.3178	10.9447
0.9952	11.0397
1.2838	10.8634
1.3922	10.6975
1.1574	11.536
1.3316	10.8611
1.2437	11.2596
1.415	11.8895
1.1639	11.1125
1.0551	10.7549
1.2829	11.1539
1.4393	12.1349
1.3533	12.2796
1.3589	11.817
1.2351	11.1895
1.2359	10.7576
1.0185	11.1246
1.3576	11.259
1.3155	11.7663
1.2719	11.7948
1.5228	11.4689
1.3626	11.087
1.1798	11.4759
1.3785	11.5071
1.1322	11.4592
1.1047	10.7095
1.2838	10.8417
1.2758	11.2887
1.311	10.9464
1.1673	10.9838
1.3967	10.8901
1.1872	10.8168
1.4619	11.6328
1.2216	12.2231
1.2214	11.2794
1.4076	11.4093
1.3096	11.6666
1.1748	11.1583
1.1154	10.7878
1.353	11.81
1.3031	11.4969
1.1774	11.242
1.2645	11.0302
1.1527	11.0604
1.1687	10.9137
1.1281	10.4794
1.1293	10.2827
1.0173	9.52472
1.0058	9.14045
1.0598	9.58932
1.0706	10.205
1.0458	9.4677
1.2402	9.9877
1.2868	10.0952
1.1662	10.0734
1.061	10.0794
1.1666	9.67706
1.2631	10.0234
1.3018	11.0406
1.4379	11.3368
1.3479	11.3113
1.2749	11.6529
1.4297	12.8874
1.365	12.058
1.4001	12.2549
1.53	11.3358
1.132	10.9402
1.1123	10.5372
0.941	11.0367
1.0454	10.2811
1.0366	10.2279
1.2389	10.0469
1.1621	9.78528
1.022	10.0967
1.1579	10.529
1.1393	10.3924
1.2314	9.62357
1.0628	9.56887
1.065	10.0379
1.2774	9.39889
0.9729	9.27
1.1302	10.0548
1.1181	9.41699
1.201	10.5811
1.236	10.2883
1.0696	10.7498
1.2097	11.1992
1.3357	11.6148
1.0421	10.8735
1.4452	11.3498
1.3671	11.2423
1.2521	10.3717
1.155	10.8795
1.2971	11.0585
1.1135	10.8872
1.2401	11.1866
1.32	10.4046
1.3883	10.6908
1.2128	10.8258
1.2765	10.7534
1.182	11.0122
1.2226	11.0249
1.2056	9.90628
1.1365	10.1942
1.2116	10.5881
1.1769	11.1894
1.3054	11.712
1.18	11.3277
1.2416	10.939
1.1697	10.8152
1.3357	10.5641
1.057	10.9166
1.4001	11.405
1.2977	10.795
1.3547	11.0737
1.5661	11.8029
1.405	12.1581
1.1979	12.5244
1.3246	12.0775
1.2676	11.9374
1.4202	11.6711
1.2893	12.3006
1.2411	12.0491
1.3769	11.6714
1.3797	11.8516
1.1993	12.069
1.4393	11.8401
1.2615	12.0428
1.5071	12.7355
1.1495	12.5489
1.118	11.7905
1.3262	11.8408
1.279	11.7809
1.3428	11.7617
1.4839	11.7949
1.1381	12.3447
1.2439	11.2104
1.3422	11.6408
1.4075	11.6956
1.3145	11.999
1.5539	12.1489
1.2692	11.8736
1.3654	12.1647
1.5014	12.539
1.5071	12.3254
1.4528	12.9832
1.3791	12.5391
1.1816	12.5429
1.4961	12.7928
1.4855	12.9329
1.2878	13.399
1.6996	12.92
1.7546	13.1392
1.452	13.4745
1.5406	13.5158
1.3838	13.468
1.3747	12.4075
1.4569	11.7088
1.4819	12.2141
1.2561	12.1447
1.3557	11.966
1.0519	11.9386
1.2824	11.69
1.5958	11.8862
1.218	12.0794
1.295	11.9624
1.3743	12.6491
1.4506	13.5582
1.4041	13.2236
1.6349	13.4988
1.5293	14.1749
1.4896	13.95
1.3726	13.7617
1.257	13.5514
1.2766	12.2898
1.4359	12.2778
0.9743	12.3622
1.4141	12.028
1.3832	13.2339
1.4412	13.2927
1.4624	12.584
1.3971	12.6649
1.3097	12.9749
1.5373	12.8895
1.2508	12.5688
1.3938	12.964
1.383	13.0565
1.3774	12.7748
1.6315	11.8601
1.3173	13.7127
1.4678	13.637
1.7619	14.3763
1.8584	14.3416
1.569	13.9128
1.6534	13.5787
1.0432	13.7026
1.546	13.6878
1.6144	13.356
1.6808	13.3735
1.673	14.0853
1.4426	14.5122
1.4526	13.1419
1.6576	14.2738
1.5436	13.9752
1.6176	14.3962
1.4039	13.3022
1.4624	13.431
1.603	13.3128
1.5936	13.6261
1.2594	13.0367
1.4671	13.1413
1.5647	14.0004
1.3654	13.5497
1.8478	13.5319
1.618	14.7264
1.3937	14.8342
1.7117	14.5478
1.7286	15.475
1.7123	15.6509
1.6877	15.5329
1.9821	14.7482
1.5031	15.0887
1.7108	15.3945
1.7961	14.3186
1.6693	14.318
1.6734	14.3262
1.7229	15.069
1.6347	15.0786
1.8108	15.0313
1.8255	15.6665
1.7874	15.3331
1.8286	14.9722
1.8979	15.0031
2.0267	15.2536
2.0681	14.9462
1.9357	14.8346
2.0574	14.0926
2.0298	14.0477
1.8576	13.6382
2.0237	13.3642
2.0402	13.0994
2.1039	13.0539
2.2195	13.935
2.3491	14.2404
2.2648	14.0622
2.1796	13.9664
1.7958	14.4042
2.0327	13.3455
2.1643	13.8904
1.8574	14.1459
2.0035	13.7668
2.0201	13.2768
1.8388	12.9682
1.8081	12.9389
1.7405	13.3491
2.1269	12.8803
1.7524	13.516
1.9887	14.1028
2.0742	14.0554
1.9694	14.1852
1.9804	14.3294
1.8882	14.4178
2.1369	13.5446
1.9583	13.682
1.931	13.7774
1.9667	13.8428
1.9278	13.5069
1.9133	13.8145
1.9003	13.5471
1.9962	14.1685
1.9108	13.9667
1.9497	13.8673
1.804	13.7553
1.9005	13.508
2.0216	14.0076
2.118	14.3822
1.8454	14.2212
1.9558	14.3008
1.9965	14.565
2.0844	13.9585
1.7838	14.2188
1.8354	13.6888
2.1309	14.4225
1.827	14.717
2.0168	14.3449
2.1719	14.4699
2.0112	14.8858
2.058	14.1885
1.9399	14.4488
2.0484	14.698
1.9005	13.8434
1.7578	13.7622
2.0631	13.6827
1.9676	13.8792
1.9933	13.9997
1.9035	14.1141
1.8536	14.0533
2.1036	13.9221
1.9156	14.2879
1.9631	14.1481
1.966	14.0999
2.1807	14.728
2.0507	14.8736
2.0597	15.6509
2.0753	15.3051
2.2004	15.1586
1.9167	15.5508
2.1213	15.3414
2.1148	14.8682
1.9841	14.2858
2.1413	15.0403
1.9944	15.8932
2.3367	15.3869
2.009	15.4224
2.0898	15.5593
2.2086	15.8155
2.2269	15.7919
2.0313	15.6031
1.9921	15.2882
2.0896	15.4023
2.068	15.3159
1.8976	15.6501
2.1936	15.3679
1.9865	15.5109
2.1097	15.1939
2.0481	15.3262
2.099	15.5266
2.0566	15.8138
2.1899	15.3873
2.0337	15.5746
2.2629	16.4341
2.07	16.0081
2.1587	16.2484
2.1372	15.8261
2.1252	16.6885
2.2094	16.8075
2.4571	17.6873
2.2591	17.8207
2.0921	17.5843
2.2416	16.2038
2.1415	16.7295
2.3117	17.1295
2.3225	17.1819
2.2402	17.4164
2.43	17.6738
2.3205	18.0656
2.4531	18.0785
2.444	18.3944
2.3561	17.5314
2.2733	17.4432
2.3889	18.2682
2.3088	17.8674
2.1166	17.6121
2.7436	18.1185
2.5068	18.8097
2.7324	19.2493
2.6141	20.1409
2.6585	20.8489
2.7021	20.9319
2.7027	21.4676
2.7999	21.947
2.9044	22.5865
2.8541	22.8625
3.0368	22.773
2.9767	23.786
3.269	23.7339
3.4005	24.0751
3.4932	24.166
4.03	23.5452
3.8608	21.8306
4.5728	19.2287
4.781	18.3838
5.3464	17.6089
5.6682	16.8561
6.4827	16.4694
7.1251	15.8332
6.9461	13.1246
7.3292	12.5401
7.6203	11.69
8.1186	10.1681
8.2703	9.07538
9.5031	8.0002
9.9295	9.12488
10.4799	8.39129
10.8917	6.45221
11.304	5.76605
11.5643	4.3369
11.7868	4.75248
12.0354	6.2081
12.1792	6.01085
12.0714	4.56109
13.2712	3.54292
12.9393	2.82474
13.2675	1.9574
13.4944	1.21766
13.3673	0.508921
13.8818	1.60755
13.3436	1.22239
13.9221	1.74709
13.68	1.05002
13.883	1.74246
14.0889	1.99634
14.2425	3.40387
14.1737	1.61109
14.4282	0.862141
14.3201	0.609746
14.2952	0.576444
14.0856	1.51382
15.1133	2.08113
14.5794	1.69707
15.0484	-0.305921
14.8505	0.0458105
15.3898	0.0285852
15.1765	1.33011
15.4828	1.25333
15.5384	1.57591
15.8375	1.05066
16.0603	-0.69424
15.7947	-0.818039
16.4176	-0.149575
16.2863	1.18632
16.9769	0.392942
16.5373	-0.593815
17.1354	-0.661235
17.4624	0.892676
17.26	-0.28621
17.4234	-0.287087
17.7263	-0.0148023
17.8367	-0.316691
17.9519	-1.46594
18.3322	0.0471985
18.3268	-0.0419186
18.4848	0.651442
18.6834	-0.355692
18.604	-0.209163
19.1578	-0.378748
18.9883	-0.444833
19.3001	0.0196076
19.1682	-0.509671
18.8692	-0.771802
18.8523	-0.762379
19.4126	-1.0055
19.2678	-0.156041
19.2685	1.1367
18.6895	1.15522
19.5381	-0.0304777
19.1142	-0.463964
19.3555	0.225586
19.2642	-1.00696
19.2219	-0.913803
19.4556	0.889715
19.4372	1.10372
19.2472	0.517094
19.2398	-0.827527
19.2575	-0.380868
19.1622	-0.497788
19.1186	0.280729
18.9996	-0.355211
19.075	0.306338
19.2963	-0.141693
19.4279	-0.0599059
19.6088	1.0969
19.6209	0.250168
19.7343	-0.928951
19.9987	-0.365082
20.1911	-1.33292
20.1776	-0.642904
20.0885	-1.22984
20.2912	-0.661348
20.6211	0.0168402
20.7682	0.0791243
20.7645	0.0148814
21.1291	0.446748
20.9871	-0.911564
20.9917	-1.00573
20.9759	-0.76152
21.0395	-1.09405
20.948	-0.74097
21.1093	0.964042
21.0408	0.676653
21.2365	-0.334082
21.2673	-0.690795
21.1435	-1.13105
20.9911	-1.34122
20.9076	0.477172
21.3859	-1.36298
21.0808	-0.910814
21.4093	0.187673
21.45	-1.16511
21.1881	-0.636664
21.0756	0.0815148
21.2281	-0.958317
21.0857	-0.179114
21.3795	-0.16221
21.2808	-1.01123
21.9968	-1.64422
21.5281	-0.349221
21.4764	0.193993
21.7021	-0.680497
21.4309	-0.444166
21.6872	-0.00804339
21.5276	-0.967239
21.5413	-1.19319
21.6309	0.0934156
21.709	0.0176755
21.9557	-1.13055
21.969	0.255771
22.1686	-0.706567
21.8603	-0.14562
21.9553	0.109613
21.8708	-0.279191
22.1591	0.0471826
22.0817	-0.707673
22.1448	-0.378074
21.948	0.361389
22.1595	-0.313927
22.4608	-1.69367
22.1349	0.0393682
22.1491	0.421079
22.3609	0.362013
22.5708	-0.0032479
22.2946	0.566676
22.4799	0.144142
22.6059	-1.17215
22.3788	-0.710209
22.5044	-0.854474
22.4946	-0.440959
22.3477	-0.751109
22.1649	0.460236
22.0768	0.818848
22.0272	0.0471013
21.8321	-0.694797
22.1703	0.46286
22.0046	0.0686307
22.0119	0.0301845
21.7969	-0.644941
22.1803	-1.38636
22.0383	-0.976459
22.1115	0.462063
22.2151	1.82308
22.2631	0.541425
22.1029	-1.44456
22.3811	-0.535036
22.1434	-0.139076
22.1957	-1.09162
22.3448	-0.342944
22.3716	1.17046
22.5324	-0.0731278
22.3005	-0.502366
22.5993	0.158325
22.4398	-0.0225123
22.3027	0.15049
22.5713	-1.07454
22.5755	-0.282873
22.9448	9.06E-05
22.8359	0.453545
23.0158	0.343365
23.1243	0.71576
23.2861	-0.38074
23.3706	-0.14178
23.5326	-0.31957
23.274	-0.976968
23.4729	-0.465047
23.6086	-0.24653
23.7674	-0.327277
23.63	-0.417355
23.7594	0.379879
23.6803	0.0900433
23.7331	-0.720293
23.6866	-0.00286548
23.9137	-0.929647
23.7635	-0.658354
23.8571	-0.35925
24.1514	-0.401459
24.0421	0.367512
23.8936	-1.45931
24.0697	-1.22494
24.134	-0.514817
23.9002	0.352234
24.3845	0.281748
23.6257	-1.3026
23.9537	-0.796743
24.03	-0.0792109
24.2582	-0.655459
23.7526	1.05898
23.9197	0.0395547
24.0217	0.623075
23.9719	0.755292
24.0817	-0.416769
24.0455	0.871002
24.0926	-1.06674
24.0217	-0.985256
24.2517	0.289821
24.2229	-0.0570962
24.181	-0.23138
24.288	0.0605695
24.3005	-0.266113
24.4356	-0.892565
24.3361	0.0150101
24.439	0.646374
24.3763	-0.147805
24.5316	-0.438645
24.4239	0.695809
24.6515	0.792461
24.3911	-1.1807
24.4475	-0.277555
24.7088	1.0063
24.317	-0.603768
24.5403	0.26774
24.4136	0.205201
24.4765	0.0118925
24.51	-0.847868
24.5329	-0.0471052
24.6927	0.131036
24.7255	2.02372
24.6947	0.975421
24.9187	0.123395
25.0155	-0.637917
24.912	-1.2238
25.2225	-1.01198
24.9688	-1.1799
25.4168	-0.979327
25.1368	1.07535
24.9957	-0.244621
25.1979	-0.85459
25.2337	0.53115
24.993	-0.44535
25.2334	-0.244642
25.2701	0.502336
25.0617	0.101756
25.1962	0.189251
25.095	-0.00371867
25.4026	0.348507
25.344	-0.753424
25.5144	0.421396
25.1982	-0.0793868
25.2957	-0.761941
25.719	-1.45249
25.5908	0.274373
25.6256	0.612466
25.1402	-1.08051
25.7234	-1.63612
25.6266	-1.09576
25.6659	0.0951891
25.6324	0.575013
25.5974	0.288401
25.1698	-0.671575
25.7624	-0.833258
25.6813	0.635607
25.9048	-1.13431
25.766	-0.674298
25.989	1.14831
25.8137	-0.356844
26.06	-0.828528
26.1281	-0.132282
26.2578	0.780771
25.9769	-1.74101
26.1778	0.129385
26.3207	-0.47403
26.2341	-0.183644
26.1501	-1.41236
26.3174	-0.386313
26.3646	-0.898648
26.5122	0.691409
26.4204	-0.0060927
26.1423	-0.590567
26.5657	-0.0788229
26.495	-0.530741
26.4263	-0.0822612
26.2751	-0.805706
26.4336	-0.240858
26.6033	0.197901
26.4338	-0.867176
26.6124	-0.172356
26.6191	-0.229108
26.7037	0.0697328
26.6337	0.00507833
26.772	-0.201962
26.7972	-0.966754
26.908	-0.145174
27.0734	-0.100201
26.9974	-0.513269
26.8399	-0.183044
26.9987	-0.883572
26.9474	-0.567216
27.2934	0.0154129
27.1865	0.383942
27.0206	0.00341765
27.211	-1.20828
27.1481	-0.663113
27.2299	-1.1305
27.4982	0.707478
27.3848	-0.0143932
27.1844	-0.65477
27.2398	-0.32094
27.5256	-0.195451
27.5477	-0.967586
27.6325	-0.217423
27.5891	-0.18031
27.6392	-0.0407665
27.5873	-0.342497
27.7186	0.613596
27.6389	-0.631846
28.0755	-1.05993
27.8684	-0.598678
27.7396	0.0621667
27.6653	-0.959252
27.958	-0.486235
27.938	-0.103441
27.8939	-0.802823
28.0422	-0.623031
27.9853	-0.753703
27.8659	-0.429357
28.1211	-0.40755
28.0013	-0.284252
28.1785	-0.348159
28.1028	-0.407846
28.1975	-0.482346
27.8639	-0.692087
28.1998	-1.15989
28.3347	-0.171349
28.1151	-0.762646
28.2523	-0.206571
28.1225	-0.840496
27.9392	-0.413525
28.3459	-1.72648
28.7389	-0.723013
28.3406	-0.439178
28.2502	-0.0323305
28.4459	-0.330594
28.9194	-0.57796
28.4509	-0.687022
28.6598	-0.376708
28.4215	-0.688485
28.5087	-0.737348
28.9297	-0.969769
28.6225	-0.230974
28.3995	0.55936
28.6164	-0.540604
28.2809	1.31406
28.5175	-1.10043
28.824	-0.233958
28.8479	0.739627
28.8934	-0.25348
28.7669	0.160772
28.9918	-1.30488
28.8737	-0.804439
28.816	0.781387
28.8258	-1.36965
29.1961	-0.0630502
29.0518	0.339783
29.3845	-0.76535
29.1517	-0.497302
29.618	0.810611
29.2388	-0.295915
29.1489	0.422873
29.3617	-1.58115
29.7605	-0.936389
29.4212	-0.298383
29.5802	0.352547
29.2895	-0.84058
29.4622	0.0103185
29.7605	-0.312026
29.5141	-0.858567
29.5264	-0.287414
29.5508	-0.281685
29.4589	-0.516263
29.4926	-0.636273
29.6261	-0.46929
29.6253	-0.14749
29.7364	0.406741
29.7184	-1.45985
29.8449	-0.287005
29.9023	-0.554126
29.6915	-1.72436
29.7535	-0.64983
29.6856	-0.073737
29.6333	-0.0777262
29.6963	-0.390665
29.6629	-0.580735
29.9988	-0.546566
29.9317	-0.774925
30.1041	0.472777
30.0486	0.00730114
30.2487	0.131842
30.1366	-1.84146
30.6946	-0.791245
30.3144	0.0231202
30.5475	-0.628844
30.5094	0.0227516
30.2584	-1.16343
30.5019	-1.26992
30.2248	-0.326039
30.3093	0.601674
30.2815	-0.398033
30.3258	-2.00958
30.4869	0.553011
30.4296	-0.431074
30.5187	-0.661632
30.6414	-0.94411
30.3803	0.453795
30.3992	-0.0947577
30.5584	-0.479868
30.7618	0.984422
30.8609	0.0613301
30.8861	-1.8682
31.0267	-2.41401
30.6001	-0.262224
30.9604	0.402398
31.2277	0.0776923
31.3457	0.624281
31.2023	-0.0985475
31.1956	-1.91939
31.2464	-1.2468
31.0951	-0.499036
31.2797	0.497699
31.1488	-0.367941
31.1335	0.427343
31.1436	0.265142
31.2314	-0.452861
31.1285	-1.70675
31.1774	-0.407019
31.541	-1.01152
31.3361	-0.0448994
31.2639	0.331935
31.1814	-0.4939
31.1648	0.275062
31.3454	-0.0720087
31.1697	-1.22227
31.1778	0.202089
31.4302	-0.0105734
31.47	-0.811969
31.5302	0.118887
31.7951	-0.777334
32.0483	0.570615
31.6701	-1.46925
31.8911	-1.08054
31.5788	-0.414899
31.8249	0.335627
31.6765	-0.986784
31.6366	-1.01985
31.8139	-0.714313
31.8077	-0.533047
31.9358	-1.87872
32.0689	-0.0340631
32.0197	-0.238761
31.9499	-0.889137
32.3465	-1.63459
32.445	-0.933254
32.2911	-0.949356
32.1453	-0.297594
32.2336	-0.801562
32.3573	-1.35376
32.5398	-0.548041
32.4108	-0.209969
32.3104	-0.0671749
32.7115	-0.242329
32.496	-1.10769
32.9103	-0.406485
32.4368	-0.86072
32.6404	-1.47848
32.6109	-0.663697
32.6135	-0.925678
32.9183	-0.221764
32.6695	-1.00121
32.7881	0.140981
32.4948	0.0399194
32.72	-2.44157
32.7149	-1.35374
32.9286	0.275214
32.816	-0.67428
33.0781	-0.0101679
32.9544	-0.755251
32.9761	-1.05402
32.731	-1.96126
33.0535	-0.995149
32.8301	0.588601
32.9424	-0.942797
32.8282	-1.54786
32.9329	0.23578
32.8238	-0.849283
33.0865	-0.698684
33.0104	-0.145956
32.8699	0.019317
33.2099	-1.95228
32.8842	-1.34182
33.1473	0.21316
33.2409	-1.13032
33.1369	-0.729699
33.0813	0.512545
33.3504	-0.300009
33.1142	-1.29686
33.4759	-0.607602
33.4228	-0.852758
33.7214	-1.01834
33.5754	-0.466772
33.7664	-0.470004
33.9923	-0.782331
34.0666	-0.910555
33.9266	-0.997671
33.9253	-0.139866
34.0336	-0.373257
34.057	-0.785876
34.0315	-1.14084
33.9434	0.102784
33.8762	-1.54708
34.2842	-0.269896
33.9434	-0.236409
34.1659	-0.0349225
33.9707	-0.707716
33.9447	-0.267403
34.269	-0.659304
34.2438	-0.186711
34.4074	-1.68966
34.2511	-1.08162
34.5731	1.5996
34.3596	-0.093076
34.3502	-1.06324
34.6821	-0.222108
34.5191	-0.87123
34.7814	-0.482253
34.6432	0.292765
34.851	-1.20603
34.7577	-1.33638
34.9624	-0.452119
35.063	0.0185312
34.4943	0.087697
34.7952	0.783395
35.0927	-1.44885
34.9255	-2.08098
35.2484	-0.141672
34.9898	0.722897
35.1386	-0.844235
34.7376	-1.93423
34.8497	-0.513354
34.8192	-0.287356
34.6976	-0.845923
34.8734	-0.404331
34.7151	1.46531
35.0283	-0.539535
34.9567	-0.308408
35.0216	0.43857
35.1173	-1.00847
35.4904	-1.37758
35.2229	-0.104147
35.3387	-0.81004
35.0683	-0.433704
35.2218	1.06153
35.1111	0.67992
34.9944	-0.966396
35.089	0.0268767
34.9665	-0.829065
34.8969	-0.533915
34.9456	0.0833875
35.2498	-0.11225
35.2852	0.892567
35.1916	-0.436091
35.6767	-2.45191
35.1897	-0.73385
35.3117	-0.547458
35.4542	-0.650541
35.6252	0.437421
35.6176	-0.436494
35.4691	-0.486354
35.3977	0.338216
35.6008	-1.1383
35.6482	-1.3423
35.7136	-1.07233
35.7716	0.540383
35.915	-0.119135
35.8332	-1.09828
36.1288	-0.845614
36.1111	-0.221286
36.237	-0.964803
36.3695	-0.912326
36.5417	-0.100197
36.1922	0.535529
36.4301	-1.48925
36.6149	-0.468735
36.4517	-1.06642
36.7487	0.247482
36.3454	-0.546015
36.4701	-0.754468
36.4693	-0.670261
36.4517	-0.789927
36.8038	-0.989568
36.4841	-0.56086
36.6791	-0.442285
36.0963	-0.713681
36.3439	-0.359777
36.7146	0.366903
36.4008	-0.734872
36.4751	-0.168743
36.5638	-0.511524
36.7836	-0.0674167
36.5167	-0.744732
36.5191	-0.37784
36.6331	-0.953824
36.9958	-1.56205
37.1472	-0.77124
37.2106	-0.437554
36.6605	-0.546291
36.9504	-0.365976
36.9522	-0.573658
37.1261	-1.28799
36.9413	-0.0801722
37.293	0.507343
37.2621	0.849669
37.3067	-0.679445
37.3895	-1.55403
37.4103	-0.986403
37.31	0.586873
37.5092	-1.1824
37.1166	0.0430375
37.5967	-1.04161
37.6785	0.655772
37.6154	-0.114915
37.7064	-1.48537
37.6956	-1.31352
37.5546	-0.33614
37.3177	0.695494
37.4894	-0.0912173
37.6648	0.494629
37.6422	-0.0769502
37.8409	-0.624753
37.6483	-0.559715
37.8892	-1.2872
37.9858	-0.611457
38.3236	-0.692303
38.2697	-1.71586
38.1198	0.19224
37.9463	0.573859
38.5486	-0.496761
38.1569	-1.35354
38.3576	-0.735853
38.2997	-0.458019
38.3593	-1.17166
38.0398	0.123617
38.2071	-1.51533
38.2996	-0.887209
38.5021	-0.728089
38.5719	-0.852012
38.5054	-0.223276
38.3809	0.511249
38.4489	-1.87911
38.4413	-0.297542
38.4547	0.360196
38.6585	-0.437333
38.5883	-1.45313
38.5369	-0.99337
38.8734	0.00481128
38.6178	-0.554943
38.7291	-0.597206
38.6026	-1.4053
38.7457	-0.43941
38.6064	-1.09055
38.9169	-1.27482
39.1336	-1.38643
39.0353	-0.429458
39.0523	-1.03034
39.1723	-1.02974
39.1206	-1.39622
39.4551	-0.489972
39.209	-0.55337
39.4861	-0.457136
39.2412	-0.658287
39.2283	-0.054792
39.2961	-0.435361
39.4805	-1.41146
39.281	-1.19954
39.456	-0.503991
39.4688	-1.01163
39.5317	-0.460505
39.3679	-0.803338
38.9763	-1.02432
39.7232	-0.991957
39.4427	-0.869075
38.8999	0.328022
39.6809	-1.44393
39.1483	-1.04376
39.6401	-1.14742
39.7343	-0.697634
39.2732	0.570235
39.8591	-0.10925
39.7681	-0.515593
39.5383	0.0219592
39.4298	-0.956893
39.7334	-2.06213
39.8788	0.859606
39.6874	-0.722391
39.58	-1.62557
39.7149	-0.556621
39.5863	-0.0199218
39.4649	0.0960625
39.6029	-1.34099
39.4238	-1.06324
39.7522	-0.153876
39.808	-1.31624
40.2674	-0.547469
39.715	0.425087
39.7128	-0.288998
39.7009	-1.56897
40.2076	-1.523
39.945	0.5349
39.8945	-0.231869
40.0567	-0.958966
39.9449	-1.78516
40.1882	-1.33789
40.2317	-0.110478
39.9487	-0.808406
40.1047	-1.61846
40.2681	0.132276
39.9435	0.00516226
40.2671	-2.05189
40.447	0.955916
40.1374	1.09752
40.3943	-1.05997
40.4353	-1.3988
40.6554	0.342489
40.8119	-0.209027
40.8717	-1.12107
41.0119	-0.72671
40.7623	-1.40376
41.0136	-0.930347
41.2516	-0.243704
41.1616	-1.14108
40.9387	-1.76381
41.3187	-0.408211
40.9367	-1.0844
41.0645	-0.841161
41.0827	-0.107774
41.2919	0.261418
40.9817	-0.884775
41.0229	-0.877451
41.4033	-0.179851
40.8377	-0.153339
40.8127	-1.45686
41.2038	-1.41641
41.2938	-0.238706
41.0969	-0.0821734
41.2604	-1.00568
41.0202	-1.09069
41.1885	-0.233934
41.4455	-0.613651
41.4241	-0.973571
41.477	0.317059
41.2171	-0.500993
41.5976	-0.837328
41.3244	-1.14212
41.7695	-1.24784
41.6426	-0.578782
41.553	-0.823134
41.4904	-0.957075
41.8373	0.0960223
41.6206	-1.00694
41.8368	-1.32465
41.5952	-0.94067
41.6411	0.447902
41.84	-1.25968
42.0812	-0.406139
42.1659	-0.564989
42.1851	-1.29613
42.4271	-0.744646
42.4965	-0.831151
42.4454	-1.0026
42.5076	-0.806888
42.3963	-0.619361
42.4299	-1.74558
42.3329	-1.1993
42.4019	-0.977997
42.6324	0.0106232
42.5086	0.370578
42.6934	-0.561029
42.7137	-2.11875
42.6645	-1.08415
42.8455	-0.391254
42.8431	-0.669954
43.0134	-0.910266
43.0448	-0.447368
43.1344	-1.23661
42.8881	-1.0511
42.9087	-1.291
43.0435	0.373036
42.8225	-1.29294
43.102	-1.5564
43.104	-0.656494
42.7863	-0.221555
43.0261	-0.0270438
42.6845	-1.23462
42.4918	-0.977402
42.8077	-0.47972
43.0371	-0.205097
42.6935	0.598447
43.0518	-0.957202
42.5392	-0.59141
42.8676	-1.26457
42.8585	-0.527795
43.1674	-1.07729
42.6086	-0.166162
42.7368	-0.897532
42.7725	-1.15889
42.5669	-1.02603
42.5602	0.081238
42.8931	-0.902909
42.8471	-0.219491
42.7477	1.10987
43.0353	-0.38011
42.9008	-0.615149
43.1192	-1.1021
43.1309	-1.10117
43.4212	-0.476854
43.5676	0.429315
43.4042	0.382627
43.369	-1.66105
43.5636	-1.52254
43.5353	-0.28378
43.5438	-0.186019
43.6741	-1.07491
43.5279	-1.20689
43.8224	-0.446965
43.6446	-0.48595
43.8145	-0.412412
43.8563	-0.259371
44.0407	-0.907149
43.8607	-1.85455
44.1686	-0.574382
44.0083	-0.477432
44.2396	-1.34247
44.0547	-0.88065
44.1759	-1.53182
43.905	-0.245882
44.0981	-0.74411
44.1351	-1.81143
44.2416	-0.0964684
44.2293	-0.811244
44.1748	-0.888709
44.2518	-0.676839
44.1061	-1.6641
44.4719	-0.668684
44.0374	0.20118
44.4596	-0.638646
44.2488	-1.0807
44.2793	-0.858898
44.4858	0.607991
44.2739	-0.748537
44.4277	-0.807344
44.4623	-1.06321
44.6665	-0.458457
44.4484	-0.531383
44.6939	-1.34001
44.5456	-1.58456
44.5119	-1.60996
44.7804	0.217838
44.7081	-0.637984
44.5433	-1.2805
44.6653	-0.370674
44.5884	0.015336
44.8333	0.175179
44.9088	-0.869066
44.8665	-0.969409
44.9592	-1.7218
44.9774	-0.392583
45.0812	-0.775871
44.9944	-2.2049
44.9092	-1.30827
44.9015	-1.03594
45.1284	-0.433825
45.2258	-0.592635
45.2156	-0.738528
45.1852	-1.65371
45.0126	-0.474931
45.3152	-0.428686
45.3341	-0.726725
45.2014	-0.291451
45.7297	-0.236424
45.8327	-0.491587
45.3533	-0.57328
45.7768	-1.72406
45.6917	-1.31258
45.8777	-1.20148
45.8097	-0.0552675
45.7849	0.0417234
45.7468	-0.112109
45.9933	-0.195124
45.7316	-0.781727
45.5619	-1.32732
46.0147	-0.952497
45.9165	-1.45191
45.7915	0.597326
46.2758	-0.393034
46.1358	-0.259847
45.9795	-0.79042
46.0394	-1.45698
46.1366	-0.311452
46.2493	-0.0351332
45.9959	-0.703932
46.0382	-2.29894
46.2599	-1.02043
46.1196	-0.108595
46.4228	-0.0427835