-0.1224	7.3115
0.1745	8.26465
-0.1399	8.71422
0.0728	7.67676
0.0568	8.62653
0.1874	8.64949
0.1147	8.26452
-0.0846	8.51166
0.0194	7.48089
0.0999	7.27735
0.0072	6.99945
-0.0173	6.50862
0.1553	7.41514
-0.0838	6.65339
-0.0705	6.59381
-0.0886	6.30305
0.1717	6.42325
0.0368	7.4499
-0.0361	6.5484
0.2555	7.43685
-0.0252	8.34272
0.2763	7.91327
0.0241	8.80717
0.4388	10.1152
0.2275	9.17634
0.1019	9.38233
0.0899	8.74385
0.1246	8.97058
0.0706	9.4454
0.2858	8.96597
-0.0809	8.27169
0.2977	8.87986
0.197	8.80515
0.0065	9.3565
0.178	9.7224
0.0644	9.17628
0.0602	9.03399
0.0357	8.77356
0.1363	9.13589
0.0979	9.57034
0.1637	9.52375
0.2112	8.54118
0.1581	8.70482
0.1119	8.77057
0.1262	9.31284
0.2108	9.15771
0.1001	7.99138
0.0573	7.72244
0.3476	8.88386
0.1355	8.63553
0.1165	9.01663
0.2318	9.28061
0.2928	9.73562
0.312	9.90433
0.3089	9.95583
0.4524	9.755
0.2968	11.5883
0.3994	10.4126
0.3126	10.1353
0.4056	10.6087
0.5708	9.12034
0.5731	8.90832
0.6484	7.79064
0.6151	8.25399
0.4999	7.4778
0.5891	7.86467
0.3841	7.33065
0.6016	7.76684
0.5675	7.23533
0.6592	7.6915
0.5886	8.08329
0.6099	8.48352
0.6235	8.52033
0.608	9.30494
0.6027	8.50611
0.5189	8.61703
0.5067	7.93469
0.7207	8.45689
0.6987	8.37636
0.6464	8.42553
0.4851	8.29686
0.7786	8.73245
0.5427	8.2537
0.6442	8.51102
0.7161	8.27211
0.6371	8.27916
0.7017	8.78757
0.7322	9.50384
0.6444	9.1254
0.6904	9.20355
0.7556	9.61465
0.9355	10.1419
0.7184	10.2296
0.7969	9.74228
0.6503	9.28301
0.575	8.81519
0.5326	8.37976
0.5828	8.32774
0.6181	8.43713
0.8116	8.58653
0.5333	8.29669
0.5725	8.05166
0.6066	8.65453
0.833	8.75722
0.7211	9.34199
0.6539	8.83934
0.3761	8.55478
0.7411	8.85776
0.8073	8.99881
0.8834	9.79553
0.7237	9.86426
1.0127	10.2924
0.714	10.3207
0.7228	9.68497
0.6729	9.78533
0.5885	9.35057
0.871	9.14934
0.7981	10.0426
0.7857	9.66101
0.7779	9.43901
0.7069	9.36896
0.5554	9.19963
0.6666	8.49404
0.8585	9.15072
0.7223	9.40602
0.8147	9.51294
0.7136	9.14911
0.7669	9.0351
0.7137	9.86668
0.9304	10.6494
0.8285	10.4792
0.8487	10.4619
0.8271	10.0937
0.6982	10.2269
0.8961	10.2297
0.7602	10.4779
0.654	10.2957
0.9054	10.6585
0.6308	9.79092
0.8237	9.20747
0.8047	9.38753
0.8033	10.1265
0.8359	10.1888
0.8627	10.3396
0.893	10.2237
0.6548	9.49171
0.8002	10.089
0.7473	9.89152
0.9042	9.83914
0.818	10.163
0.935	10.4819
0.7361	10.809
0.8648	10.7323
0.9147	10.7288
0.805	10.7665
1.0089	11.2998
1.0346	11.2692
0.9376	11.1915
0.8731	11.2921
0.8504	11.2587
0.6881	10.4879
0.685	9.8627
0.9166	10.1651
0.8487	10.0384
0.8945	10.7774
0.8256	10.6178
0.7715	9.9733
0.7593	10.0726
1.0138	10.8254
1.0841	11.5951
0.7837	11.096
1.0092	11.3548
0.7193	11.6042
0.9636	10.9816
1.0051	12.323
0.9238	12.1947
1.0986	11.5959
0.8776	11.2344
0.9757	10.9388
0.9424	10.841
0.8568	10.9443
0.6986	11.0666
0.9992	10.8037
0.7954	11.5405
1.1271	11.6459
1.0018	11.725
1.0719	11.184
0.7742	11.2296
0.8353	11.1275
0.7672	10.7255
1.0105	11.0395
1.1581	12.1165
0.8184	11.5526
0.9374	11.504
0.8655	11.4434
0.8757	11.4303
0.9727	11.8743
1.0843	11.5123
0.9258	12.0091
0.9485	11.6714
0.909	11.579
1.0989	11.6525
0.9132	11.0256
0.9939	11.62
1.1333	11.0748
0.7919	11.6536
0.8274	12.0615
0.8399	11.9678
1.2098	12.3889
0.9673	12.155
1.2923	12.2192
0.861	12.7765
0.9595	12.0365
1.0021	12.285
1.1416	12.309
0.8278	11.7021
1.1328	11.6812
0.8693	12.0203
0.9812	11.78
0.8127	11.7916
1.2893	11.8816
0.9628	11.7449
0.9792	11.8427
0.9707	11.9457
0.7955	11.3868
1.056	12.3377
1.209	12.2001
0.9182	11.3057
1.1058	11.7203
1.0009	11.8011
0.955	11.1455
0.7635	11.7213
0.9752	12.3843
1.0919	11.9946
1.1709	12.2431
1.0092	12.5957
1.0573	12.9193
1.0485	12.5793
0.9163	12.2813
1.3663	11.9953
0.7845	11.687
0.8277	11.7061
1.2226	12.0908
1.0676	12.3785
1.1133	12.5951
1.0721	12.0976
0.7011	11.2589
0.7078	10.4369
0.5959	9.66482
0.8397	10.328
0.8649	10.5595
0.8544	9.60516
0.8108	9.99602
0.8311	10.2913
0.7555	10.4453
0.8687	10.3014
0.8337	11.4832
1.1097	11.2815
0.9585	12.2545
1.1276	13.0038
1.0416	13.1486
1.0212	12.506
1.1869	12.9867
0.9643	12.8864
1.2326	13.2881
1.2947	12.7617
1.1297	13.5326
0.9202	12.3224
0.9381	11.8244
0.8359	11.6601
0.8602	11.2255
1.0081	11.3788
1.0211	10.804
0.7356	11.5023
0.9549	11.1983
0.887	11.006
1.0612	11.1713
0.864	11.4679
0.9839	10.9931
0.8654	10.7241
0.8788	10.5577
0.7974	10.7059
0.8211	11.1664
0.9086	11.1214
0.8319	11.2589
1.0124	11.4709
1.2186	11.5255
0.9969	12.1937
0.9344	12.4089
1.1461	12.0661
1.0301	12.5801
0.9567	12.6966
1.2202	11.8817
0.9325	12.368
0.9743	12.2458
0.97	11.7701
0.9019	12.1072
1.1549	12.6502
1.172	12.4247
0.9285	12.5164
1.2783	12.5749
0.8371	12.1065
0.9122	11.4727
0.7915	11.2512
0.9524	11.39
0.9977	12.2746
0.9762	12.1575
1.091	12.2604
0.8449	11.9836
1.1107	12.2354
0.8595	12.1827
1.0882	12.7065
1.0916	11.9174
1.2282	13.3087
0.9923	13.0159
1.093	12.8257
1.0653	13.2873
1.2492	13.9739
1.3033	13.3474
1.1648	13.2118
1.1623	13.9025
0.9702	13.6014
0.9999	12.9013
1.0286	13.666
1.2926	14.4028
0.966	13.4637
1.2535	13.9095
1.1201	14.6592
1.0892	13.5044
1.2852	13.4703
1.1525	13.7832
1.1227	13.4413
1.0709	13.1104
1.0533	13.2786
1.0951	12.5683
1.038	12.6585
1.1685	13.3789
1.2793	13.1909
1.0029	13.3696
1.1318	13.2351
1.0398	12.8065
1.1879	13.2262
1.2911	13.0057
1.0266	13.6986
1.1449	13.5439
1.2314	13.9224
1.2473	14.6279
1.1829	14.7311
1.403	14.5182
1.2984	15.1645
1.0964	14.8698
1.1385	14.9008
1.4683	15.1989
1.3663	14.6045
1.3527	14.5754
1.1233	13.6067
1.0696	14.1945
1.0325	14.1125
1.1685	13.4833
1.1894	13.6487
1.1889	13.953
1.0578	13.1269
0.9956	13.9329
0.9398	13.9164
1.0864	13.2965
1.3621	13.1793
1.1093	13.671
1.335	14.3246
1.1397	14.6574
1.1165	15.1754
1.4209	15.5776
1.3205	15.8936
1.336	14.2283
1.0159	14.7582
1.0561	13.402
0.8971	13.1083
1.0499	13.3662
1.5148	14.1724
1.0115	13.6381
1.1211	14.357
1.3991	14.718
1.4542	15.8127
1.2796	15.4138
1.1636	14.0896
0.9815	13.6514
1.1508	13.2837
1.2364	13.4553
1.4148	13.9745
1.4753	15.5063
1.4016	14.9417
1.3662	15.3072
1.5176	15.2937
1.3264	15.746
1.4975	15.9012
1.4865	16.11
1.3966	15.4739
1.4091	14.9093
1.3425	13.9869
1.2792	14.0877
1.0816	15.0565
1.2862	15.6665
1.283	15.962
1.4236	15.0445
1.4717	15.2808
1.3275	15.2781
1.3336	15.42
1.2519	15.698
1.087	15.3367
1.3288	14.4172
1.317	14.71
1.2396	14.9941
1.2951	15.4108
1.3339	15.1072
1.3798	15.7432
1.3437	15.7376
1.4028	16.0565
1.4327	16.2835
1.4001	16.8101
1.5992	16.2488
1.4671	16.5179
1.6104	16.8949
1.5435	16.7567
1.3176	16.5303
1.3534	16.1938
1.3109	15.7274
1.2554	15.7499
1.4047	16.214
1.3156	16.0645
1.3072	16.1828
1.3062	16.3713
1.2995	15.9648
1.3785	16.338
1.6151	16.7364
1.6189	17.7195
1.7538	17.1579
1.4549	17.1936
1.5094	17.1254
1.4353	16.8588
1.4839	16.6197
1.6135	17.4475
1.659	17.2623
1.8013	16.6505
1.8628	16.8964
1.9342	17.632
1.6994	17.7416
1.9977	17.4947
2.043	17.2722
2.0963	17.6077
1.9016	17.0596
1.8967	16.6022
2.0523	16.1469
1.8674	15.879
1.9138	15.2501
1.666	14.257
1.7907	14.6816
1.6185	14.8309
1.7964	14.9879
1.8384	16.3681
1.8589	16.5143
1.877	16.6224
1.9225	15.9306
1.5901	15.3684
1.7965	14.9283
1.6527	14.7433
1.7328	14.6175
1.7567	15.3753
1.8875	15.7337
1.5688	15.1098
1.7629	15.4629
1.6955	15.5854
1.7187	15.7607
1.8372	15.5367
1.7663	15.6734
1.5723	15.1615
1.9066	15.6786
1.7025	15.2134
1.7914	16.0932
1.7662	15.9047
1.8204	16.2607
1.7539	16.0524
1.6306	15.3015
1.7179	15.2235
1.8833	15.8936
1.8811	16.254
1.7483	17.1844
2.0045	16.7551
1.7159	15.889
1.7039	15.6569
1.642	15.4753
1.8174	15.4632
1.8057	15.4117
1.5661	15.5551
1.8896	15.686
1.7305	16.2219
1.7482	15.9796
1.7387	15.5469
1.6405	15.2983
1.9224	15.9996
1.916	16.6183
1.7447	16.7387
1.9037	16.4791
1.9363	16.1583
1.6772	16.8849
1.9937	16.9985
1.9453	17.2136
1.6949	17.047
2.035	16.631
1.8669	16.9649
1.9628	17.2782
1.8186	17.0604
2.0915	16.4584
1.7166	16.6134
1.9843	16.9073
1.8933	17.1203
1.8174	16.1762
1.7868	16.5641
1.8733	16.544
1.8145	17.3587
1.8787	16.8496
1.9222	16.9441
1.9118	16.9577
1.9161	16.9988
2.0018	17.241
1.6204	16.9325
1.9287	16.3768
2.0299	17.0698
1.7311	17.3572
1.8815	16.8547
1.9105	16.6967
1.5794	16.1252
2.0526	16.4198
1.9925	18.0225
1.8459	18.3778
2.0789	17.1538
1.8343	17.4532
1.8644	17.9288
1.9521	18.5282
1.9236	18.3475
2.0545	17.9451
1.7383	17.9268
2.0822	17.8232
1.8996	18.0802
2.1005	18.954
2.0068	19.0758
2.0853	18.3585
2.0515	17.8549
1.8412	17.8069
2.1127	18.5478
1.8994	18.4074
1.9853	18.3176
2.0931	18.2308
1.9101	17.9923
2.0324	17.9041
2.0176	17.3029
2.074	18.0227
2.0535	19.4554
2.2622	19.5219
1.9211	19.0451
2.3807	19.4631
2.0509	20.3
2.0705	20.2165
2.1355	20.261
2.2886	20.7426
2.1031	20.3018
2.257	20.2997
2.0968	19.7203
2.0022	20.3449
2.5447	21.2473
2.1919	21.185
2.5643	22.2769
2.7058	23.2793
2.4296	23.7945
2.9947	24.1044
3.0664	24.2191
3.1799	25.2956
3.8666	25.108
3.8706	24.522
4.1306	23.2982
4.4015	21.6793
4.5326	20.9424
4.926	20.5233
5.3429	18.9276
5.7825	18.4605
5.8769	19.1755
6.5768	17.2563
6.9048	16.6464
7.4017	15.0359
7.6916	15.317
8.7117	13.7344
8.645	13.3276
9.0522	12.061
9.1511	10.2967
9.6067	9.73024
9.8066	8.98294
10.225	9.33839
10.3331	9.6703
10.5451	7.97674
11.0836	6.63386
11.504	7.65168
11.4795	7.55861
11.4564	6.81051
12.1883	6.81776
11.8167	7.00834
12.1473	5.39836
12.0781	5.095
12.3783	5.39281
12.9453	4.64933
12.4427	5.28627
12.9088	4.97702
12.9904	3.48483
12.7667	3.45623
13.2314	4.22937
13.2212	5.70122
13.2802	4.88084
13.0011	5.17272
13.7655	2.96837
13.617	2.15855
13.7975	3.45506
14.1001	2.14674
14.5638	1.65303
14.6064	2.11811
15.0971	3.24782
15.4266	3.28485
15.2445	1.60968
15.9383	2.26492
15.8787	1.68858
16.3025	1.16834
16.1064	0.388244
16.5069	1.00801
16.6908	1.17899
16.7597	0.647258
17.0443	0.362163
16.8628	0.681913
17.3968	0.949243
17.1525	0.0577558
17.3078	0.507547
17.3892	0.306733
17.521	-0.344587
17.223	1.22389
17.5774	0.556835
17.8184	0.744191
17.8694	0.635331
17.7275	1.26114
17.7161	0.78269
17.5801	0.108948
17.7371	1.53082
17.6536	0.557564
17.6993	-0.63679
17.6778	-1.11307
17.9606	0.857007
17.8655	0.444935
18.0454	-0.0416766
17.603	-0.070083
17.8255	0.0529037
17.643	0.208213
17.6805	0.563336
17.6921	1.10528
17.8784	0.115384
17.7539	0.149056
17.8521	0.165036
18.3738	1.72568
18.081	1.21361
18.4414	0.815617
18.4365	-0.181114
18.6703	-1.06354
18.7644	-0.208051
19.1926	-0.299601
19.1484	0.0258311
19.3846	0.838014
19.5307	1.0598
19.4633	0.490412
19.5483	1.14796
19.4828	-0.784196
19.8636	0.108414
19.6489	-0.169841
19.8411	0.61387
19.686	1.39698
19.8191	1.60473
19.8916	0.891902
19.5694	-0.150228
19.8883	-0.548144
19.9288	0.616181
19.768	1.48502
19.5177	1.32082
19.826	-0.464013
19.6397	-0.250153
19.5742	1.9205
19.7049	2.44783
19.5551	1.7661
19.8602	2.97429
19.7358	1.63801
20.0238	1.34526
19.9426	0.46792
19.8738	0.0330688
20.4442	1.34382
20.02	1.8835
20.1055	0.358761
20.0879	-0.205338
20.2852	1.90457
20.1971	2.135
20.1499	0.732378
20.3791	1.72315
20.4699	-0.629471
20.2671	-0.288426
20.3684	2.65664
20.1486	1.73754
20.4148	0.604305
20.4008	0.690708
20.7601	1.88243
20.5949	0.375502
20.6347	0.748824
20.5924	0.223921
20.5129	-0.253888
20.8543	0.996595
20.8319	0.543685
20.8476	1.15846
20.6827	0.627934
20.9493	0.165437
21.2093	0.568555
21.0754	1.01341
21.2984	0.919256
21.1964	0.875175
21.1269	0.498424
20.899	0.33934
20.7618	0.537572
20.7453	-0.0130038
20.8646	-1.0449
20.7893	0.651282
20.9185	0.364971
20.4214	0.0341668
20.4505	0.509636
20.8495	-0.17313
20.6006	2.15662
20.6253	1.8273
20.8884	0.928604
20.9947	0.969051
20.926	-1.55815
20.97	1.03242
21.001	0.702219
20.9158	0.844046
20.6669	0.682322
20.928	-0.000503838
20.8204	-0.365184
21.1745	0.796817
20.8961	-0.199118
20.9677	1.26469
21.339	1.19831
21.0413	1.76645
21.1083	1.06211
21.3606	1.30912
21.2641	0.759769
21.4835	-0.6652
21.306	-1.71625
21.47	-0.0178486
21.3949	2.15643
22.0589	1.22591
21.6838	1.29364
22.0507	0.488097
21.7628	-0.243046
21.9769	0.363967
22.3157	-0.432802
21.9772	0.244936
22.2892	1.19602
22.1177	0.136306
22.594	1.28618
22.186	1.36461
22.5456	1.42984
22.5208	0.401859
22.813	-1.25705
22.7166	-0.177424
22.7806	1.32561
22.509	0.758022
22.7075	0.0941684
22.5569	1.24386
22.427	0.384195
22.697	0.725724
22.5379	0.542542
22.949	1.2517
22.7482	2.15457
22.3773	-0.0645551
22.8311	0.0446106
22.271	0.284607
22.7632	-0.118187
22.4502	2.06526
22.4869	0.896126
22.4434	0.934233
22.5216	-0.0668069
22.2635	0.641705
22.5311	0.199651
22.4571	-0.584302
22.3999	0.37791
22.3691	0.755584
22.9115	0.771305
22.9248	1.61403
22.8186	1.57402
22.7275	0.701578
22.7855	-0.418158
22.7535	-0.886764
23.0787	0.218556
22.8542	0.830332
22.9549	0.709881
22.8513	0.607591
23.184	-0.174441
22.9903	0.595274
23.0857	0.0301893
23.1984	1.58035
23.0891	1.24257
23.2299	-0.535963
23.5144	0.0955586
23.3798	-0.0668119
23.4341	-0.431691
23.4474	0.651891
23.2411	-0.865592
23.5828	0.227342
23.3734	0.649101
23.6624	0.14663
23.3119	0.582835
23.9745	1.12763
23.8194	0.231817
23.4664	-0.646606
23.5998	-0.508539
24.0155	-0.0507353
24.0302	0.663839
23.7151	0.788302
24.0537	0.698659
23.9036	0.642229
24.0151	0.357516
23.8311	-0.261016
24.0228	0.591336
23.6253	-0.68087
24.2042	-0.197595
23.9733	0.584667
24.0947	0.239118
23.806	0.852682
24.1671	0.985248
24.4717	0.79841
23.9504	-0.669244
24.3171	0.855394
24.1536	1.39948
24.3862	-0.155463
24.2339	1.61358
24.3465	0.946454
24.4818	-0.320076
24.2679	0.617276
24.3591	0.37699
24.1473	0.187998
24.5389	0.998763
24.432	0.549457
24.8565	1.15312
24.673	-1.22695
24.538	-0.709726
24.5782	0.548241
24.6099	0.290559
24.8823	0.692219
24.6681	1.84071
24.9098	2.29015
24.6449	-0.363641
24.8201	0.359829
25.0769	0.612187
25.0371	1.56913
24.921	0.276174
25.3955	-0.459013
25.1158	0.213413
25.2893	0.68968
25.0572	1.04024
25.4486	0.373865
24.9721	1.4051
25.2885	0.752104
25.3064	1.3806
25.3456	0.528648
25.21	0.0234872
25.6578	-0.952648
25.5862	-0.425741
25.1635	-0.0922475
25.4003	0.950219
25.5276	2.00598
25.4027	1.98681
25.313	0.0756913
25.3946	-0.36849
25.8059	0.61253
25.6025	0.159618
25.5575	-0.0105479
25.7137	0.688979
25.6501	0.396319
25.9293	0.552674
25.9302	1.08501
26.1015	0.33205
25.8657	-0.157753
26.0291	0.276067
25.9978	0.432149
25.9122	0.334206
25.8473	0.377834
25.9651	0.890423
25.8948	0.604848
26.1572	0.229243
26.1206	0.117923
26.2207	1.80513
25.8004	1.60122
26.3822	-0.441714
26.4195	0.0448515
26.3474	0.0261678
26.5588	0.303867
26.259	1.12677
26.5604	0.145234
26.3081	0.401034
26.3804	0.896513
26.5644	-0.0775564
26.7395	0.967034
26.4413	0.651974
26.5153	1.06517
26.4923	0.934867
26.7483	0.418324
26.779	0.091167
26.7219	0.391766
26.9619	0.645162
26.8349	1.56148
26.6659	0.902884
27.2235	0.0427921
26.7827	0.994782
27.0454	-0.371005
26.9466	-0.741268
27.1899	1.63776
26.8481	0.86844
27.2174	1.44665
26.7754	0.796678
27.2365	0.751253
27.1446	0.114986
27.3193	0.108796
27.2513	0.717282
27.3789	0.0188785
27.3443	-0.609531
27.3495	0.561338
27.1819	1.26236
27.4971	1.17732
27.3038	-0.360666
27.3115	-0.843254
27.4199	-0.134294
27.3264	1.75013
27.5207	1.39534
27.2405	0.53441
27.3622	1.15177
27.3398	0.301864
27.5284	0.499803
27.4202	0.430688
27.7777	1.13457
27.2128	-0.369689
27.516	-0.231422
27.8076	-0.333777
27.5211	1.19129
27.9279	0.546686
27.887	0.146514
27.7788	0.0321844
27.7811	1.30725
28.0726	1.96721
27.6784	-0.342009
28.1434	1.22414
27.9727	0.42211
28.1791	-0.173569
28.1146	0.659423
28.4903	0.905181
28.52	0.399523
28.2517	0.685212
28.1579	-0.423242
28.0323	0.980156
28.3891	0.749387
28.2197	2.40104
28.1515	-0.487437
28.1939	0.750545
28.3866	1.0161
28.7185	0.267521
28.7416	0.806514
28.3478	0.820887
28.3071	0.190284
28.9065	0.741158
28.813	0.609611
28.6938	0.725806
28.7711	0.883601
28.5659	-0.160711
28.6441	-0.124245
28.748	-0.365858
28.8332	-0.101212
28.4712	0.409642
28.7858	0.95512
28.972	1.14003
28.9782	0.852852
28.9399	0.365092
29.0904	-0.520786
28.9941	0.10463
29.3616	1.39323
28.8955	1.11862
28.9514	-0.152308
29.1717	-0.135606
29.0006	0.497392
29.3629	1.05265
29.3325	-0.0471614
29.3071	0.587893
29.33	-0.280198
28.9741	0.0278359
29.3043	0.49689
29.2275	1.61834
29.473	1.04064
29.21	1.29346
29.5177	0.845907
29.24	0.811573
29.5299	0.590708
29.8287	-0.726418
29.5865	-0.232015
29.761	0.603032
29.5868	0.596425
29.8446	1.00899
29.7423	1.51256
29.8817	0.642658
29.7921	1.12778
29.8987	0.910378
29.9822	0.60526
30.0744	0.615198
30.0907	1.00288
29.7818	-0.347869
29.8373	0.384615
29.9764	1.5309
30.24	0.0973381
29.977	0.537032
30.2169	1.00626
29.7134	1.10832
30.2309	0.824545
30.3237	-0.57794
30.2398	0.784466
30.1474	0.663173
30.3283	0.423572
30.4552	-0.659735
30.1527	1.20596
30.5577	1.39012
29.9996	1.97517
30.2594	1.04047
30.2417	0.0540826
30.7538	0.448781
30.3542	0.423645
30.6073	-0.417627
30.6456	0.650357
30.3859	-0.53395
30.6242	0.384851
30.5652	2.03756
30.6614	0.820699
30.7056	0.725341
30.7394	0.240187
31.1887	0.797017
30.9755	0.552181
31.2329	0.261345
30.6055	0.692851
31.0829	1.01503
31.0764	1.3033
30.9364	0.622103
30.99	0.867781
31.1836	0.827265
31.2415	1.21161
31.0174	-0.0313754
31.4534	0.651989
31.3237	1.33512
31.1505	-0.11702
31.1256	0.156407
31.4196	1.65883
31.3222	0.85045
31.36	0.550284
31.2951	0.243965
31.3203	0.448005
31.5813	1.55447
31.3815	1.56764
31.3568	0.31358
31.4099	0.703187
31.6758	1.86597
31.7545	1.19033
31.5654	0.729539
31.515	0.0797099
31.9872	0.043906
31.8277	-0.329325
31.6995	1.27955
31.5789	1.00322
31.9888	1.08313
31.5501	0.606817
31.5677	0.345378
31.487	0.743723
32.0508	1.5425
31.8654	1.16021
31.8348	1.10602
31.7406	0.531003
32.0126	0.347229
31.9381	1.01029
31.7316	0.748745
31.7407	0.651546
32.2321	0.960495
31.9331	0.236025
32.3612	0.714433
32.1541	0.707242
32.1844	-0.0793882
32.3948	0.879183
32.4599	2.13438
32.536	0.785061
32.528	1.08163
32.7309	0.448675
32.5844	-0.167086
32.5578	0.978689
33.1502	1.02337
32.7356	1.19489
32.9061	0.4146
32.8031	0.0661267
32.9183	0.606397
32.8222	0.728529
33.0575	0.474233
32.7961	0.449589
32.9857	1.14472
33.0871	0.935029
33.1226	0.386225
33.2058	0.549475
32.8057	1.13368
33.5482	0.84709
33.2801	0.976879
33.2407	-0.124782
33.6348	-1.25821
33.2681	0.374385
33.4889	1.45094
33.235	1.9185
33.7117	1.41824
33.4499	0.685244
33.4719	0.254379
33.798	0.00511286
33.5618	-1.17272
33.4829	0.311601
33.6833	1.61694
33.447	2.06292
33.647	-0.337026
33.9146	0.0196657
33.5385	1.1362
33.6272	1.16659
33.6318	0.357036
33.6384	1.33372
33.5293	-0.324945
33.8088	0.648368
33.5507	0.345009
34.3374	0.771096
33.956	0.943883
33.6552	1.41206
33.6105	1.76794
34.0343	0.55997
34.2212	-0.570093
34.0054	-1.09795
33.9107	1.73548
34.0712	1.1602
33.9789	0.828809
33.7391	-0.135973
34.2514	1.12091
33.8386	1.68595
33.9033	0.368946
34.0342	0.641726
34.1097	-0.124817
34.2173	1.42943
34.129	2.33852
33.9341	0.475963
34.2531	0.586641
34.2247	0.13973
34.4866	-0.00204179
34.4311	1.03565
34.1697	2.09676
34.4631	-0.139784
34.5623	0.439827
34.4529	1.31984
34.4017	1.77457
34.2163	0.932249
34.8506	0.164022
34.4217	-0.234105
34.9857	1.29652
34.6158	1.61595
34.8959	0.0704773
34.8146	0.113451
34.9091	1.22041
35.1142	0.626808
34.6645	1.25014
35.1648	0.936625
35.0295	0.423056
35.0968	1.45009
35.484	0.671229
35.282	2.1202
35.302	0.56484
35.1881	-0.74591
35.6192	-0.178079
35.3094	0.387804
35.1264	1.29686
35.3442	1.35365
35.1373	1.02215
35.3207	0.401904
35.3491	0.854906
35.2168	1.72185
35.507	0.13321
35.541	0.491011
35.4471	1.45455
35.5333	0.264492
35.6508	1.70719
35.663	0.850976
35.4098	1.24018
35.6112	0.710569
35.6162	0.36861
35.8263	0.756384
35.8074	0.853476
35.9421	1.38117
35.9253	1.55886
35.8459	-0.194063
35.8558	0.656262
36.2484	1.5434
36.2612	1.66684
36.2596	0.919529
36.1537	-0.346843
36.5152	0.102631
36.36	-0.291239
36.4879	0.00808456
36.2768	1.97456
36.7427	3.00881
36.3764	2.25872
36.1544	-0.244102
36.673	-0.415251
36.794	0.848785
36.4075	1.69289
36.8096	0.383391
36.9562	1.10182
36.7604	1.11115
36.8864	0.316798
37.1284	0.703548
37.2036	0.712
37.4945	1.05356
37.1022	1.38721
37.0523	0.0835108
37.113	1.34788
37.3605	0.883696
37.3791	1.553
37.5698	0.838164
37.4933	1.29178
37.3492	0.562014
37.4339	0.6114
37.6195	1.26525
37.5215	-0.0938391
37.777	0.527127
37.3424	0.974763
37.6083	0.615737
37.5328	1.02086
37.7002	1.69127
37.5889	0.727118
37.8857	-0.220683
37.6154	1.27185
37.6771	1.53903
37.6083	0.81626
37.7713	0.627019
37.7333	1.49134
37.4604	0.318355
37.8587	0.206979
37.6609	2.51164
37.9569	0.648073
38.2443	0.329811
38.1439	1.20083
38.25	0.814233
38.1921	-0.862393
38.0248	0.546395
38.0134	1.48308
38.4896	1.64872
38.3153	1.36629
38.5488	0.534917
38.5992	0.735872
38.23	0.318213
38.2505	0.803929
38.795	1.15181
38.4502	1.01709
38.3491	0.570486
38.3559	0.219019
38.5923	0.382298
38.2957	0.747169
38.3963	1.23581
38.2407	1.1591
38.547	0.521299
38.2763	0.670658
38.6357	0.89982
38.5933	0.584095
38.5132	-0.118943
38.3097	0.423067
38.5361	0.888871
38.2445	0.941736
38.418	0.545843
38.4446	0.795429
38.6811	0.326868
38.3191	-0.143813
38.4968	-0.401894
38.7605	0.448563
38.5231	1.33015
38.4611	1.6649
38.1727	0.596664
38.6822	0.155576
38.6643	1.8802
38.4132	-0.894458
38.8006	0.944965
38.6387	1.67094
38.6612	0.726597
38.5939	-0.304173
38.5851	0.673899
38.7827	0.503584
38.8846	0.515491
38.8766	0.401149
39.137	1.41833
38.7859	0.521115
39.1177	0.853128
39.0464	0.461248
39.1977	1.23928
39.1822	2.90937
38.8576	0.557221
39.0802	-1.32828
39.4258	-0.165145
39.4292	1.0939
39.5048	1.40405
39.4485	1.48519
39.3218	1.50483
39.4652	0.747635
39.588	0.179387
39.8234	0.168899
39.8752	0.867664
39.6896	-0.22134
40.1816	0.476929
40.1205	0.852071
40.0081	0.747656
40.0963	-0.00613988
40.0044	0.647817
40.1991	2.14632
40.0114	1.0591
40.1927	0.775374
39.8949	-0.38456
40.1561	0.155901
40.1576	0.796774
39.9415	1.16845
40.257	0.120775
40.1619	-0.130502
39.7721	1.86124
40.2475	1.28756
40.285	0.765918
40.1859	-0.672375
40.2364	1.59686
40.475	0.373435
40.344	0.141323
40.1938	0.815894
40.3959	0.742925
40.4988	0.485026
40.4369	2.12186
40.1775	1.06651
40.4469	0.924475
40.5172	-0.155123
40.4533	0.613387
40.357	0.891966
40.5437	-0.605336
40.455	-0.393083
40.4422	1.58862
40.5998	0.494643
40.8162	1.49225
40.5529	0.90123
40.6439	-0.453194
41.1658	1.37861
41.0345	0.730568
41.0399	0.362631
41.2615	0.956293
41.3295	1.1986
41.7891	1.7732
41.3697	0.347371
41.4828	1.31099
41.5537	0.322825
41.4605	0.783731
41.6454	0.299766
41.6036	0.900042
41.6086	0.795736
41.9291	0.283994
41.5243	1.74895
41.7464	0.282341
41.4971	1.40392
41.6426	1.27945
41.8682	0.767024
42.1437	0.81473
42.2107	-0.502375
41.7227	1.11763
41.9757	1.43444
42.0696	0.71343
42.3333	0.670317
42.2142	0.309036
41.8584	0.0191676
42.0838	0.818294
42.0711	1.40113
41.9635	0.787597
41.8701	1.79787
41.8674	0.0895669
41.9298	-0.656883
41.826	0.493378
41.4442	1.62045
41.7608	1.49256
41.7003	0.880551
41.8031	0.368868
41.8915	0.383327
41.9294	0.317481
42.1793	0.532669
42.0019	0.878671
41.7599	-0.615809
41.8784	0.337495
41.8865	0.921938
41.7358	2.30847
41.699	1.15902
41.8945	-0.282405
42.0657	0.98258
42.051	0.288065
42.3648	2.21687
42.2299	0.279294
42.2329	0.32593
42.5057	0.785128
42.3876	0.152234
42.4078	0.881642
42.5169	1.46414
42.4715	0.777468
42.7446	1.08856
42.3138	-0.208505
42.5902	-0.365454
42.616	1.0157
42.8841	1.62185
42.9306	1.46997
42.6083	0.562406
43.007	0.905186
43.1074	1.08227
43.0604	-0.451304
43.3571	-0.225782
43.2407	0.781879
43.1741	1.59846
42.9185	1.52717
43.3746	-0.0823755
42.8791	1.32773
43.1323	0.460506
43.3933	-0.239286
43.1743	0.766561
43.487	2.22377
43.3224	-0.30522
43.4284	0.571604
43.4388	0.286601
43.3036	-0.0914536
43.3508	1.75634
43.329	0.974181
43.3688	1.09788
43.3487	0.143325
43.2037	-0.276432
43.2962	-0.133794
43.418	1.68798
43.4792	1.43014
43.5553	0.689306
43.4105	0.949964
43.5801	-0.437078
43.5872	0.870362
43.9113	0.649558
43.7908	0.00645322
43.6244	1.33952
43.8637	1.58338
44.0605	0.775906
43.7265	0.687266
43.8861	0.915779
43.7705	0.629671
44.1524	1.24993
44.0762	0.740355
44.1899	0.351086
44.3525	1.67992
44.1567	0.46924
44.3164	0.290926
44.3393	1.78422
44.5665	0.940404
44.506	0.289551
44.6159	0.958029
44.5059	0.738479
44.5798	0.859666
44.309	0.624606
44.7843	0.947298
44.7785	1.02138
44.7056	0.542595
44.9611	1.08802
44.6337	1.38962
44.8837	-0.605809
44.9356	-0.151662
45.0934	0.159071
45.2704	0.0910448
45.0679	0.852793
45.2499	1.72246
44.8749	1.57298
45.0329	0.613335
44.997	0.516288
45.1333	0.0609395
45.1138	0.460983
45.1853	0.834663
45.273	0.678156
45.2134	1.12393
45.3757	0.744417
45.2367	1.49465
45.197	1.16928
45.4506	1.50953
45.3902	0.706514
45.2894	-0.741491
45.6532	0.379474
45.8336	2.40802
45.2729	1.18688